2 14 5
1 3 -185
1 124 -201
2 5 6
1 -72 -173
0 28 176
1 -75 -190
1 72 -185
0 -39 181
0 26 181
0 -60 173
1 40 -170
2 -6 10
0 -117 175
1 6 -200
2 -22 -7
2 -13 6
0 -72 163
0 -43 188
0 14 184
2 -7 5
2 3 -8
2 -15 4
1 63 -192
2 10 3
0 -31 168
0 -96 193
0 -40 190
0 -55 188
0 7 185
1 31 -188
0 -113 177
1 42 -166
2 24 -6
0 10 196
0 -77 177
1 48 -163
2 -8 4
1 17 -195
1 58 -170
0 -89 185
0 -46 170
2 3 6
2 12 11
2 -8 -7
0 -4 187
1 -11 -188
2 -14 -15
2 -1 -2
1 -8 -181
2 -2 -1
0 -68 177
0 -36 188
1 154 -189
1 -22 -180
0 -83 198
0 -29 193
0 -71 176
1 -20 -181
0 -31 170
1 97 -189
1 -12 -184
1 86 -182
2 -6 -7
0 -53 169
2 13 0
0 -75 174
2 6 4
2 -11 -8
0 -86 186
1 13 -175
1 48 -166
0 -9 183
1 1 -180
0 -40 189
1 88 -191
1 34 -180
1 91 -179
1 52 -282
1 110 -180
0 -78 186
2 1 8
1 90 -189
2 5 -5
2 4 -3
0 -86 188
1 -20 -173
2 7 3
1 68 -186
2 14 6
0 -139 196
1 10 -177
2 -9 10
1 74 -176
1 71 -180
2 -10 2
0 -57 184
2 -8 12
0 13 187
0 -52 179
0 -18 177
0 96 186
2 18 0
0 -113 178
1 105 -174
0 -44 185
1 69 -171
0 -18 181
2 -8 8
2 -25 -12
2 2 3
1 -40 -184
1 104 -173
1 85 -177
1 57 -189
0 -60 172
0 21 188
1 -24 -185
1 105 -184
0 -85 183
2 -6 2
2 8 3
0 -80 182
0 -130 185
2 -3 -14
2 0 1
0 -11 189
2 -5 7
2 28 8
0 -77 190
0 -85 165
0 -111 178
0 -59 177
1 57 -166
1 67 -181
0 -37 170
2 1 9
2 -17 -9
0 -111 190
1 56 -179
2 -12 -6
2 8 -10
0 3 197
1 46 -176
0 -16 167
1 92 -155
1 60 -194
0 -53 172
2 -4 -1
2 -6 1
1 97 -191
2 -9 -12
0 -21 193
2 7 -19
0 -50 187
2 -8 11
1 47 -180
1 -24 -170
1 47 -182
0 -54 169
0 -9 186
0 -32 195
2 0 -1
1 41 -186
2 6 5
2 -13 10
1 66 -197
1 28 -165
1 79 -184
1 22 -181
2 -5 -2
2 13 8
1 48 -175
2 -12 6
2 7 -11
2 -2 6
2 -1 -4
0 -173 178
2 -5 -19
1 30 -186
1 -6 -177
0 -99 190
1 44 -174
1 74 -175
0 -88 195
0 88 197
1 60 -189
1 15 -185
2 8 -1
0 4 170
1 74 -180
1 88 -172
0 3 177
0 -51 154
1 4 -165
1 26 -180
2 10 -15
2 -4 9
1 58 -180
1 81 -182
0 -14 174
1 106 -182
1 110 -181
2 6 0
0 -78 174
2 1 10
0 -34 167
0 5 197
0 -94 184
0 -72 184
2 12 -22
0 -78 184
2 7 -7
0 14 174
2 -6 -11
2 -13 -9
2 -10 2
1 108 -182
0 -131 181
0 -34 155
0 34 152
0 -35 180
0 38 193
1 72 -183
2 -9 -17
0 -8 187
2 -6 -2
0 -38 179
1 16 -176
1 65 -176
0 -77 170
0 -171 167
0 -8 180
1 42 -179
2 -3 -6
1 58 -181
0 -46 174
1 56 -175
2 8 0
2 -12 -9
0 -10 180
1 13 -172
1 69 -190
0 -139 176
0 30 178
2 -5 -24
2 1 -1
0 -27 175
0 -6 186
1 -15 -171
0 -12 188
0 -26 181
1 6 -169
1 60 -199
0 -67 179
0 -118 178
2 24 -8
2 -1 7
0 -101 201
2 3 -2
2 -6 -9
1 97 -187
0 39 156
0 -63 184
0 -39 183
0 -150 158
1 66 -180
1 86 -188
2 7 11
1 106 -178
0 4 186
2 -4 3
2 22 23
2 3 0
2 -6 -12
2 14 8
1 123 -191
1 52 -173
2 1 0
2 1 12
0 -97 179
1 -4 -173
0 -15 198
1 24 -183
2 19 -6
0 40 188
1 -3 -190
1 172 -193
2 -4 4
1 73 -184
1 30 -160
0 -84 190
2 -17 2
2 17 -10
1 -22 -193
1 54 -169
2 -1 -3
1 73 -168
1 154 -183
1 85 -172
1 12 -189
2 7 2
0 -61 180
2 7 -1
2 1 2
0 -48 158
1 100 -164
1 5 -161
0 -142 181
2 -15 -3
1 110 -173
2 7 -16
0 -106 177
0 38 178
0 32 176
0 -129 180
2 11 2
1 183 -176
2 -6 19
1 102 -174
2 15 1
1 75 -163
0 23 185
1 19 -169
2 -2 4
1 48 -180
0 -37 171
1 59 -176
1 57 -175
1 95 -175
2 -14 9
1 28 -176
2 -5 -6
2 31 7
1 1 -162
2 9 -4
1 45 -173
2 -10 4
0 -16 185
2 -11 -5
1 100 -164
2 16 -4
2 10 -4
2 9 -10
1 85 -174
1 137 -185
1 69 -161
1 102 -165
2 -9 -4
2 -4 14
0 -14 185
2 17 2
1 62 -195
1 41 -164
2 -3 12
0 -56 171
1 79 -171
1 84 -177
0 -84 163
1 29 -176
1 24 -196
0 -144 186
2 15 17
0 -134 185
0 64 173
1 -22 -189
1 -9 -183
2 -9 -2
2 2 10
0 -17 186
0 -126 172
0 10 175
2 -14 10
0 26 166
0 -130 173
2 -3 9
0 -95 180
1 86 -188
1 58 -180
2 3 -3
1 97 -169
2 14 -1
1 56 -168
2 6 7
1 42 -181
1 80 -178
0 -46 171
0 -117 196
0 -66 187
1 126 -184
1 74 -178
2 3 3
2 5 -11
1 44 -156
2 13 0
2 27 -3
2 6 0
2 5 6
1 69 -170
0 -20 183
1 65 -178
1 -5 -181
0 20 184
2 8 9
1 71 -188
0 8 168
0 -90 177
2 -2 18
1 107 -183
2 0 3
0 46 191
2 0 -1
0 -29 184
0 -32 182
2 -17 13
1 93 -176
1 31 -199
2 -21 -15
1 52 -183
1 43 -174
1 33 -197
1 102 -199
2 1 -14
0 -106 180
1 102 -195
0 -99 162
2 16 11
0 -60 188
0 50 172
2 7 -2
2 15 10
0 37 191
0 -18 179
0 -120 183
2 8 -14
1 48 -154
1 20 -183
2 -9 -3
0 -100 177
1 14 -177
1 15 -169
0 -77 178
0 -60 190
2 2 8
2 -9 -9
1 137 -172
2 7 -22
1 36 -180
2 -2 -5
2 2 9
1 72 -193
1 82 -173
0 -10 164
2 -3 1
1 117 -173
1 24 -199
1 37 -193
0 -27 189
0 -16 181
0 1 180
1 25 -185
0 -103 163
1 93 -166
0 -102 200
1 77 -189
1 31 -199
0 -80 179
2 -10 2
1 71 -187
0 -9 192
1 75 -164
0 -71 177
2 12 5
0 -64 181
1 163 -180
1 14 -191
1 59 -170
2 -30 26
0 -20 185
0 -32 188
0 -26 198
2 5 0
2 -15 0
2 -8 -8
2 -13 22
0 -62 179
0 -58 177
1 -41 -174
0 -4 168
0 18 194
0 -60 181
1 104 -176
1 79 -199
0 -67 193
0 -37 169
1 102 -180
0 -56 166
2 -7 2
0 -11 182
1 20 -181
0 27 183
2 -1 4
0 -47 151
0 -48 156
0 -82 188
2 -9 12
2 -2 10
1 102 -165
2 -9 15
2 -5 -12
1 53 -171
2 -6 3
1 38 -194
2 -13 5
0 -17 194
2 -18 11
0 50 184
2 10 4
0 -82 189
2 24 -3
1 9 -170
0 -8 178
1 34 -197
1 98 -168
1 -29 -179
1 84 -188
1 110 -157
1 -33 -199
2 1 -2
0 -37 176
0 46 169
1 14 -178
1 29 -175
1 22 -169
1 26 -183
0 -33 205
1 144 -184
1 46 -190
1 95 -167
1 68 -183
2 2 0
2 -11 6
2 8 8
1 -40 -178
1 11 -172
2 9 18
0 27 181
0 -52 188
0 -48 185
0 -99 182
2 -3 23
1 73 -179
1 97 -179
2 14 -9
2 -1 -7
2 6 -5
2 1 0
2 -9 -2
2 -6 -11
0 30 194
2 -2 1
1 89 -175
1 37 -187
1 25 -150
2 9 -11
0 -52 189
2 14 -10
1 46 -177
0 -2 186
2 18 -1
2 -20 0
2 -7 3
2 -4 3
0 -52 193
1 54 -180
2 12 -3
1 111 -178
1 -27 -186
2 -14 -7
1 36 -175
0 -84 182
1 50 -192
2 3 9
2 -13 -11
2 -16 -15
1 53 -176
0 -6 174
0 -34 183
1 -54 -178
1 25 -168
1 105 -181
2 19 3
2 4 -3
0 -66 177
2 -11 5
0 41 168
2 1 1
2 3 9
0 6 167
1 74 -180
1 122 -168
1 80 -184
2 27 -8
2 -2 9
1 24 -173
2 -13 17
0 -5 156
0 -150 171
2 -17 -2
0 -84 189
1 30 -181
0 -53 173
1 -13 -185
1 108 -192
2 1 12
1 58 -181
1 80 -176
0 3 191
0 -112 181
2 -4 -1
2 12 -8
2 -11 -11
2 12 5
1 44 -178
2 5 -4
1 44 -185
0 -43 171
1 5 -178
1 145 -191
0 -40 165
1 -1 -174
0 -47 192
0 -83 187
2 0 12
2 -18 15
0 -1 192
0 10 191
1 -53 -161
2 -7 8
0 10 190
0 -30 184
1 77 -190
2 4 -7
2 6 -6
2 -1 6
1 -8 -175
1 63 -193
1 50 -174
2 9 4
0 -109 187
2 5 5
2 1 3
2 11 17
0 -72 177
1 85 -191
0 -148 170
1 35 -176
1 16 -182
0 -11 165
2 3 5
1 54 -176
0 -84 172
2 12 7
1 108 -183
1 138 -190
2 -10 2
1 34 -181
1 -82 -185
0 -57 188
0 -93 172
2 0 9
0 43 196
1 68 -188
2 8 -1
0 -175 174
1 67 -175
0 -79 163
2 4 -6
0 -61 169
1 145 -185
2 -8 -14
0 -99 188
2 1 5
1 31 -186
2 -2 -7
1 198 -172
2 15 -1
1 65 -177
2 -2 3
2 0 -6
1 89 -189
1 113 -191
0 -83 170
1 64 -180
1 11 -197
1 128 -180
2 4 -2
0 -18 187
2 -2 3
1 41 -191
0 -21 186
0 -24 171
0 -82 183
0 -8 171
1 73 -164
2 14 2
0 22 185
2 6 6
2 25 5
1 143 -175
2 17 -1
2 4 13
0 -12 180
1 43 -179
0 -184 164
2 5 -1
0 -17 190
1 16 -167
1 -32 -178
1 46 -203
1 13 -176
0 -22 182
0 -50 167
1 114 -178
1 47 -158
1 122 -187
2 -8 -22
2 11 -8
0 51 177
2 6 10
2 -1 -3
0 -71 202
2 2 23
0 -20 173
1 42 -166
0 -93 165
2 -12 1
0 -32 190
2 8 -6
0 -54 167
2 3 6
2 -2 4
0 -62 191
1 33 -184
2 0 -13
1 10 -180
2 -9 11
1 11 -176
1 53 -181
0 7 181
2 -3 3
0 -42 158
1 26 -164
2 -4 9
0 -47 164
0 -8 204
1 44 -164
0 31 185
2 -9 11
2 17 11
1 176 -178
1 131 -189
0 23 161
1 38 -191
1 53 -169
2 0 2
1 15 -176
0 -36 171
2 16 -1
0 -19 174
0 -81 162
0 -17 201
0 -71 195
0 -30 176
2 -3 -4
0 -95 189
0 -164 176
1 120 -179
2 -18 12
1 32 -184
2 2 -1
2 -13 -9
2 -2 6
0 -94 180
1 35 -174
2 20 -1
1 36 -193
1 123 -187
2 -6 -22
2 -5 -8
1 90 -181
1 52 -181
0 -78 184
2 -9 -9
1 87 -179
2 15 0
0 54 172
2 4 -2
2 -10 0
0 -38 179
2 -3 -5
1 53 -178
1 101 -203
0 22 169
0 -142 168
1 44 -180
1 80 -179
0 -49 173
0 -59 192
1 31 -186
1 113 -184
0 -70 187
0 -31 180
1 74 -176
2 0 3
2 7 4
1 54 -183
1 50 -188
2 -14 9
1 0 -191
1 -48 -163
0 25 173
1 6 -177
0 -65 156
0 -68 181
0 -104 184
1 -13 -201
0 -110 198
2 -3 5
1 44 -196
0 -33 170
1 37 -186
0 -41 170
2 -3 -6
2 -12 14
0 -12 170
0 3 169
1 97 -186
1 113 -180
2 -1 -2
0 -49 184
1 -1 -170
2 7 -13
1 67 -172
1 -54 -182
1 144 -172
2 22 -9
2 -4 -2
1 122 -164
2 -1 20
2 -6 5
1 -87 -181
2 -15 1
1 -17 -188
0 -98 192
1 138 -194
2 0 -6
1 28 -194
2 15 12
1 74 -171
2 -1 9
0 -51 175
2 0 4
2 -3 8
1 116 -163
0 -31 183
2 -6 -20
1 31 -184
2 5 0
1 52 -191
0 16 165
0 -56 176
1 62 -174
1 10 -181
0 -66 193
0 -123 191
1 106 -193
1 114 -182
2 -17 -8
2 18 -3
1 -18 -174
0 -34 179
0 -30 198
1 139 -176
1 33 -183
0 -1 177
1 61 -177
1 61 -196
2 -8 8
1 58 -168
2 0 10
2 16 -17
0 -17 171
2 -2 1
0 -60 186
2 -1 6
2 -3 3
2 0 -4
0 -91 185
2 2 5
2 -5 1
0 -45 167
2 27 -3
2 15 -9
2 -11 14
2 11 -5
0 49 176
1 1 -180
2 -14 17
0 -120 192
1 70 -179
0 -86 174
0 -68 174
1 75 -188
0 -52 187
0 -5 187
0 -28 166
1 46 -190
1 49 -173
1 108 -184
1 54 -177
0 -63 178
0 -34 176
1 46 -173
2 4 -13
0 -91 186
0 -67 184
1 160 -175
0 22 178
2 3 10
0 -91 174
2 14 -3
1 32 -172
1 92 -162
1 31 -157
0 -45 177
0 -123 160
1 50 -171
1 59 -208
1 73 -189
2 1 -2
2 10 1
2 -10 1
1 69 -189
0 -50 179
0 -75 184
1 17 -162
1 101 -193
0 -46 192
0 -155 166
2 -3 5
2 9 -11
2 16 9
2 2 11
1 127 -187
2 16 -19
2 11 2
1 113 -195
2 8 -3
0 51 168
0 -87 176
0 58 173
2 -3 3
0 -31 169
1 71 -180
2 -3 4
1 -33 -197
1 113 -178
2 -4 30
0 -38 170
0 -19 199
2 3 8
1 13 -179
2 13 10
2 4 5
1 115 -196
2 6 -4
0 56 188
1 162 -167
0 -20 182
2 6 -9
1 108 -171
0 -7 188
0 -6 170
1 95 -176
1 -14 -197
2 -1 -1
2 -6 3
0 -71 199
0 -94 166
1 33 -182
1 17 -188
1 6 -169
2 5 -4
2 2 13
0 -57 175
2 5 4
2 5 7
0 -119 180
0 20 175
0 -29 175
1 68 -196
2 -17 8
0 -122 182
1 -12 -186
2 -8 -1
0 -24 183
0 -48 186
0 -86 169
0 -37 204
2 13 16
0 -40 192
2 0 11
0 -105 193
1 41 -174
1 73 -171
2 12 8
0 -103 194
2 22 1
0 -74 180
1 61 -189
2 11 -4
0 103 172
0 18 182
0 -47 189
0 35 186
1 2 -197
1 -2 -169
1 98 -173
2 3 10
0 -29 185
0 -138 187
0 -105 186
0 -22 172
1 -35 -171
2 -1 4
1 -10 -178
2 2 5
2 4 -7
2 9 2
1 26 -193
1 76 -183
1 -66 -171
2 5 -33
1 98 -186
2 -8 -4
1 -7 -188
0 -96 188
2 -15 -4
1 51 -184
2 0 -15
1 65 -191
2 -16 -23
0 -11 161
0 17 187
1 -54 -181
1 -291 -171
1 93 -180
1 96 -185
1 26 -187
1 62 -173
0 -27 189
2 1 -3
0 -21 183
2 21 8
2 -11 -16
2 -19 3
2 19 -4
2 -8 16
1 7 -180
1 31 -169
2 -22 -10
0 -94 195
2 1 5
0 -95 195
0 -93 157
2 3 7
2 20 9
2 1 -21
1 23 -185
0 -25 186
2 19 1
2 -3 8
0 -73 183
0 -42 187
0 -73 189
0 -84 169
1 -7 -181
0 17 191
2 -5 -10
2 9 -1
0 -122 183
2 1 13
2 -7 8
0 -70 188
1 9 -165
2 0 0
1 41 -180
2 1 -1
2 13 2
2 -4 -8
1 -5 -184
1 -76 -186
2 24 -11
1 93 -161
1 44 -194
1 103 -199
0 -32 180
1 73 -184
1 10 -184
0 -72 193
2 -6 15
1 7 -167
0 -12 184
0 -44 183
1 -6 -177
0 -56 163
2 -6 -26
2 -1 -20
0 -67 175
0 -100 176
1 76 -178
2 1 4
0 -71 166
0 36 184
0 -100 179
1 46 -186
1 3 -174
1 -8 -175
1 18 -184
1 46 -183
0 7 198
0 31 172
0 31 159
1 72 -199
2 -7 7
1 -24 -177
0 -26 188
2 6 -7
1 62 -169
1 101 -191
1 123 -188
0 -38 173
0 -76 192
1 50 -195
2 -8 1
1 55 -164
0 -104 194
2 16 2
2 -3 7
1 1 -192
2 10 2
1 -21 -162
0 -70 172
0 -1 177
2 -4 -30
1 52 -180
1 48 -174
0 -99 170
0 37 189
0 -129 179
0 42 189
2 10 12
1 132 -184
1 95 -166
2 12 9
0 -19 152
1 19 -193
1 139 -173
1 42 -184
0 7 177
2 3 -8
0 -35 169
1 76 -183
0 -85 170
2 11 -1
0 -3 176
0 9 187
1 34 -185
2 13 3
0 -13 175
1 44 -186
0 -61 177
2 4 -7
1 33 -180
1 47 -187
2 1 -10
1 77 -182
0 -15 183
1 -55 -169
0 -69 183
2 -3 -8
1 63 -173
2 1 8
1 24 -170
1 68 -181
1 140 -185
2 7 -11
0 7 164
2 3 3
2 1 3
1 66 -170
1 60 -183
2 -3 -4
2 6 -6
1 5 -172
2 15 3
0 -57 183
2 -3 3
2 3 -11
1 20 -178
1 56 -201
0 -114 185
2 -14 -23
0 11 173
1 43 -172
0 33 166
1 1 -165
0 35 166
2 15 3
2 7 11
1 118 -186
1 84 -177
0 -106 177
0 -60 189
0 -92 162
0 -51 172
0 -56 175
0 -66 172
0 10 171
0 -74 171
2 1 10
0 -134 189
2 2 8
2 2 -11
1 -44 -180
0 -107 172
0 -62 187
2 -3 -20
1 38 -169
0 -29 179
0 -42 182
0 -94 160
2 -17 0
0 23 170
2 10 2
2 2 2
2 16 5
1 95 -181
2 5 -9
2 24 -2
2 1 3
2 3 2
2 6 -9
2 -1 -14
2 19 -15
2 2 -21
1 59 -169
2 22 -10
0 -79 213
0 76 186
1 66 -206
2 14 1
2 -3 -4
2 0 22
2 -3 -23
0 20 186
1 30 -160
0 9 178
2 -6 1
1 93 -192
1 94 -186
2 8 -7
0 8 192
1 106 190
0 -134 180
0 -62 182
0 -55 182
2 2 8
0 -48 181
1 83 -170
2 -1 -11
1 -85 -172
2 -17 -18
1 3 -193
1 -24 -168
2 -3 -5
0 -9 171
2 -2 7
2 5 16
2 -7 13
2 -15 4
1 134 -173
1 -18 -155
2 10 12
0 -126 192
1 60 -160
1 75 -176
0 -60 167
2 -7 -19
2 8 14
2 3 -29
2 5 8
0 -2 197
2 9 0
2 -14 1
0 -54 187
0 5 183
2 -10 10
0 -19 174
1 84 -162
0 -90 179
2 -2 14
2 4 5
2 -4 8
1 104 -180
2 -1 16
1 138 -197
1 25 -187
1 15 -169
2 17 -19
1 5 -184
1 40 -171
1 -13 -161
0 -86 196
0 -99 180
1 22 -178
2 -8 14
2 -3 -6
0 -18 171
0 -129 165
0 -56 180
1 106 -196
1 20 -186
1 -21 -183
1 67 -171
0 -117 175
1 82 -163
2 7 -3
0 -111 178
1 14 -180
0 -62 197
0 -8 185
0 6 177
1 26 -201
1 55 -174
0 -38 185
1 137 -186
1 -35 -166
2 4 4
0 -36 176
2 11 14
0 80 168
0 -19 191
2 12 -10
0 -74 173
0 -81 174
0 -71 165
1 53 -198
2 0 10
2 -1 0
2 10 -9
1 100 -181
0 -41 185
2 -18 -26
0 -52 163
1 54 -184
0 -61 181
0 -10 179
2 2 -1
1 67 -184
1 19 -190
2 -3 -9
1 59 -187
0 -85 165
2 2 16
2 -10 6
0 -7 165
2 8 -13
1 126 -191
2 5 10
1 43 -192
0 -43 173
0 -142 188
1 105 -168
0 -12 174
2 0 -9
0 -22 173
2 15 -5
0 8 192
1 -23 -171
0 -34 175
0 -53 187
0 -155 168
1 39 -180
0 -41 184
1 121 -173
2 -11 10
2 12 -23
2 -7 14
2 -5 -31
2 -3 -13
2 -5 2
0 -136 184
0 -3 173
1 78 -176
2 8 -1
2 8 -11
2 -5 29
2 0 0
2 -13 -19
1 77 -175
0 -130 180
0 -50 193
0 -75 200
2 6 -9
2 3 -5
2 9 -13
0 -65 202
2 -15 -9
0 -54 181
2 -6 7
1 62 -184
0 76 188
0 79 202
1 -43 -183
0 -39 171
1 28 -183
1 94 -171
2 -6 -2
2 23 -13
2 -12 -26
0 -92 170
0 -57 192
2 4 14
1 44 -193
1 38 -182
0 -59 186
1 121 -165
0 -34 180
0 -8 179
0 -114 178
1 127 -168
1 -88 -170
2 0 -15
2 -12 -6
1 24 -180
0 13 182
0 -102 168
0 -68 186
2 4 3
2 0 6
0 -69 187
1 67 -182
1 48 -182
0 -6 185
0 -79 165
2 8 15
2 -4 13
1 -19 -185
1 -4 -199
2 1 -3
2 -1 -6
1 53 -169
1 78 -176
0 -11 175
2 -11 -25
1 118 -178
0 -101 179
0 -120 178
2 5 -2
0 28 235
0 -38 169
2 11 2
1 90 -160
0 296 170
0 -86 179
2 -1 -6
1 40 -184
1 26 -164
0 -99 197
2 -11 14
0 -96 194
2 17 -4
2 0 9
0 -116 179
1 47 -185
2 14 2
2 -22 -13
2 15 -9
1 77 -176
2 -26 4
1 -11 -196
0 -60 173
2 5 16
2 -4 14
0 -75 192
2 11 10
1 150 -162
1 152 -188
2 3 2
2 2 27
2 11 -2
2 7 4
2 10 15
1 38 -181
1 88 -180
2 17 6
2 -18 -26
0 -55 170
2 26 -6
0 -138 163
1 85 -158
1 -54 -203
0 -81 176
2 -10 11
2 -12 0
1 58 -173
1 49 -175
2 7 -10
2 -13 0
2 8 7
1 82 -181
0 -90 176
2 -3 -11
2 30 -15
0 -77 186
2 -4 15
2 6 -13
0 -111 203
0 -56 192
1 57 -162
0 -71 186
1 -75 -159
0 -111 173
2 -28 -9
0 -87 182
0 -90 172
2 -1 2
0 -106 157
2 2 27
2 1 -3
1 151 -181
0 -50 178
2 10 -5
2 9 -20
1 69 -171
1 115 -176
2 2 0
2 -4 11
2 -5 5
0 -35 181
2 10 -8
1 73 -181
1 75 -191
2 15 -4
0 17 177
2 -3 -1
1 55 -189
0 -98 192
1 89 -194
2 -5 -6
2 0 -13
0 18 189
1 4 -164
2 -14 -1
0 -66 172
0 -42 176
1 102 -196
2 10 2
0 -40 174
1 -6 -191
0 -11 192
0 7 177
1 4 -172
0 22 183
2 -10 -11
0 24 179
1 13 -188
1 102 -198
0 -56 185
1 6 -178
0 -86 179
0 -44 167
2 2 3
1 121 -156
2 -5 -4
1 6 -165
0 -123 183
0 -87 183
0 -164 145
2 -5 -11
2 11 15
2 -10 3
1 66 -168
2 4 4
2 -7 6
2 13 -220
0 -73 163
2 -21 -1
1 119 -194
2 3 -8
1 -16 -188
2 9 -10
0 -102 184
0 -30 180
1 29 -188
2 5 17
2 -4 -7
0 -105 188
0 -5 192
0 -28 179
0 -31 183
0 23 178
2 7 11
0 -58 185
0 -8 184
0 -72 173
1 6 -159
2 7 18
0 -56 165
1 90 -192
0 -126 192
1 -56 -184
2 -11 1
1 22 -188
1 -15 -176
0 -100 176
1 -10 -173
0 -12 168
0 -104 172
1 129 -190
0 5 182
2 8 -67
2 0 6
1 48 -167
0 -83 181
1 -21 -202
2 -8 0
1 24 -177
1 38 -163
1 28 -165
1 98 -171
0 -108 172
1 -15 -170
1 57 -171
1 42 -185
2 -8 -13
2 0 14
0 -20 188
1 -4 -183
2 -17 -2
1 35 -170
0 -18 179
0 -81 185
2 -18 5
2 -8 -13
2 -12 -9
1 120 -181
0 29 161
1 18 -179
2 -4 -4
2 -14 13
2 -8 4
2 -8 0
0 -34 170
0 -16 184
2 13 -5
2 -1 12
2 -15 6
0 90 177
1 40 -181
0 -71 187
0 -28 179
2 -8 -2
0 -42 172
2 -15 12
2 -13 7
1 94 -173
0 -60 166
0 -106 193
2 0 -7
2 -4 -13
1 91 -161
0 -32 196
2 12 3
1 54 -169
1 146 -176
1 68 -185
1 1 -176
1 35 -177
0 -151 179
2 9 -14
0 -43 179
2 -12 -14
0 -22 171
2 12 12
2 14 3
0 -117 160
1 80 -185
1 -40 -171
1 20 -170
0 -71 194
0 -87 179
2 -1 -1
0 -75 177
2 5 -11
2 8 3
2 4 -2
1 13 -183
0 -67 169
1 54 -165
0 -70 184
0 -71 188
0 -18 183
0 -75 185
2 -5 28
2 -11 92
1 -33 -178
2 -9 10
2 0 -15
2 7 -21
2 20 7
1 101 -182
1 4 -178
1 28 -159
0 -52 192
0 -131 181
2 -9 -13
1 75 -159
0 -67 202
0 -134 194
0 -3 190
2 -16 1
2 1 -3
2 6 11
2 -4 -6
2 18 -3
1 94 -198
2 -1 -2
0 -73 176
1 15 -176
1 103 150
0 -35 189
2 -11 8
0 -62 189
2 0 -2
2 22 -7
1 159 -184
2 15 -13
2 2 2
1 124 -169
0 -2 179
0 -65 181
0 -103 171
1 88 -179
2 -3 4
0 59 186
1 -11 -185
0 -141 187
0 50 181
1 33 -191
1 51 -184
0 -41 160
1 81 -177
1 108 -178
1 109 -180
1 24 -171
2 -25 -9
1 -23 -182
1 38 -170
2 12 2
0 -115 189
0 -24 191
2 10 7
1 25 -198
0 -33 170
0 -131 184
2 2 -6
2 0 19
0 -57 165
0 -63 181
2 0 18
1 26 -197
2 -11 -2
0 -52 188
0 -67 178
0 31 187
0 -79 179
2 15 4
2 -11 6
0 -67 182
2 7 -2
2 -3 -3
1 47 -161
0 -65 186
1 17 -208
2 -5 2
2 -8 -2
2 -2 -17
1 84 -163
0 -53 195
0 51 167
2 4 3
1 44 -179
1 40 -188
1 151 -181
2 -11 6
0 -113 195
1 92 -193
0 -77 194
0 -94 185
0 -123 179
1 75 -187
2 3 6
0 -109 166
2 24 2
0 -77 182
0 -88 168
1 46 -180
2 -16 16
1 55 -195
2 8 4
1 76 -161
2 -4 -8
2 23 -1
1 12 -193
1 47 -197
0 -40 179
2 13 -19
1 93 -181
1 -89 -177
2 0 -14
2 -4 1
2 -14 -7
0 -76 192
1 30 -184
2 -13 13
0 -22 183
0 -41 176
0 -60 176
0 -17 162
2 0 16
0 -75 173
2 -7 -2
1 27 -174
0 41 185
0 -128 186
2 -10 2
2 -9 -9
1 -8 -184
1 18 -170
0 -73 171
2 -12 -4
2 4 -13
2 10 -3
1 73 -171
1 58 -176
2 -14 -3
2 -11 9
2 2 -8
2 1 -8
0 2 203
1 -3 -188
2 -3 1
2 -1 -1
2 16 11
0 -108 173
0 8 186
0 -35 176
2 6 -5
0 -32 197
1 -33 -193
1 -57 -185
2 4 4
1 21 -196
0 91 161
2 -16 -2
0 -24 193
0 -101 175
2 12 8
1 49 -179
1 -14 -197
1 3 -172
2 -6 -2
2 -11 15
0 29 155
2 2 -5
1 57 -173
2 16 13
2 -5 11
0 -75 188
2 -11 1
2 12 5
0 9 158
0 -59 185
2 8 9
0 -48 197
0 10 185
2 13 14
2 -4 12
1 19 -180
0 -86 181
1 122 -173
1 97 -184
1 17 -184
2 14 -11
2 12 8
0 -57 160
2 -5 -2
0 -123 197
2 -9 0
0 -24 176
2 -8 16
1 69 -185
2 -12 6
1 74 -185
1 82 -170
1 34 -165
1 127 -162
0 -34 188
2 -3 -12
0 -66 179
1 121 -184
0 -27 204
0 -109 173
0 -120 176
2 1 -4
0 -87 172
2 -3 -2
0 -67 162
1 -10 -173
0 -35 161
2 19 1
0 -94 182
2 19 10
2 -14 3
0 -24 194
1 83 -172
1 77 -182
0 48 197
1 57 -200
2 -14 16
2 -2 5
1 -45 -176
0 -29 176
2 13 -8
2 -16 -12
2 1 -7
0 -55 177
2 13 8
0 -120 182
1 44 -163
2 7 3
2 3 -14
0 -121 165
2 10 13
2 -27 -10
2 5 6
0 -27 187
1 77 -180
2 -10 -6
1 88 -180
0 5 170
2 -11 -7
2 -7 2
2 11 -12
2 3 6
2 -11 -11
1 80 -191
1 -7 -164
1 -35 -219
0 -52 175
1 87 -186
1 24 -190
2 2 2
2 10 8
2 -7 -13
1 66 -186
0 -75 185
2 3 -26
1 -5 -156
1 75 -169
2 -6 10
2 -18 3
2 9 15
2 -7 4
0 -66 177
0 37 177
1 52 -171
0 -70 176
1 69 -155
1 125 -181
0 19 187
0 1 170
0 -103 172
1 51 -162
2 -4 3
0 -58 174
1 39 -163
1 113 -186
1 40 -171
0 -81 163
1 36 -160
0 -29 152
2 2 8
1 10 -176
1 -17 -185
0 -81 175
1 100 -184
0 -91 191
0 76 181
0 21 176
0 -49 187
1 81 -182
2 -11 -7
0 -6 188
0 -11 188
1 -16 -181
2 -4 1
0 -92 163
1 -11 -190
0 -39 176
1 71 -174
2 0 6
2 -6 1
2 -3 -19
1 67 -191
0 -91 185
2 8 28
2 -7 -3
1 8 -176
0 -59 187
1 31 -181
2 21 -3
1 59 -177
2 -18 3
0 -68 162
1 39 -168
2 0 6
2 13 7
0 -139 182
2 -12 -15
0 -59 196
2 -4 -8
1 52 -170
1 50 -176
1 87 -180
2 -5 -3
2 14 -14
1 27 -189
0 -55 169
0 -128 199
2 -4 9
1 116 -183
2 10 -4
1 45 -188
1 -6 -160
0 -47 179
0 -70 166
1 -41 -169
0 -118 180
2 11 7
1 20 -172
2 -9 11
0 -32 158
1 24 -185
1 10 -183
1 36 -197
0 44 182
1 128 -194
2 -2 -3
2 -11 0
2 7 20
2 13 -19
0 -116 169
2 -8 2
1 46 -186
0 -28 191
2 15 -6
0 -11 187
0 -63 169
0 -7 172
2 -1 -9
0 -85 201
2 -5 -1
0 -22 178
2 10 13
1 26 -174
0 26 186
0 -22 171
1 -2 -166
2 -3 -6
2 4 -13
1 65 -180
2 6 12
1 0 -188
1 99 -160
0 -125 204
1 108 -199
1 67 -188
1 2 -172
2 -5 22
2 4 -10
1 81 -183
0 -32 176
1 7 -170
0 -20 172
0 -169 195
2 2 -9
1 -8 -184
0 -21 190
2 5 -4
1 103 -181
1 85 -180
2 -14 -12
0 -10 196
2 -18 -5
0 -41 188
1 122 -172
0 -59 181
2 -1 -3
1 38 -190
2 15 1
2 -9 19
1 56 -164
0 4 166
2 -10 -4
1 114 -198
0 -94 166
2 -9 -12
2 -9 4
0 -55 -166
1 78 -198
1 100 -169
0 4 170
1 110 -174
1 120 -166
2 13 3
2 19 4
2 1 -4
2 10 13
2 -2 1
2 19 -14
1 23 -176
2 3 -9
1 -47 -178
1 60 -207
2 20 24
0 -69 193
2 -6 16
2 -13 15
1 48 -188
0 -46 180
0 -121 187
2 6 8
0 -23 188
2 2 6
2 -17 -12
2 -8 11
0 -77 229
2 -2 -1
2 -2 -5
0 2 192
2 -16 2
1 85 -170
1 134 -174
0 2 174
2 3 10
0 -54 178
2 15 6
2 2 7
0 -56 174
2 -1 -2
0 -39 179
0 -83 194
0 -54 183
2 -5 13
0 4 182
0 -95 184
2 0 -5
1 97 -177
0 -27 180
2 20 -4
0 -92 189
1 -28 -205
2 12 -1
1 43 -191
0 -25 175
2 129 -3
1 102 -186
1 160 -184
1 -15 -198
2 -13 10
0 -14 198
1 15 -186
0 -68 197
2 3 20
1 100 -183
0 -49 189
2 5 2
2 12 2
0 -117 167
1 131 -179
0 -105 177
1 192 -187
2 0 -1
1 31 -182
0 -88 178
1 39 -173
2 -12 -7
1 76 -169
0 22 183
1 60 -180
1 45 -168
1 21 -195
1 158 -174
1 152 -188
0 -52 175
0 -18 186
0 6 193
1 34 -175
1 137 -177
1 -13 -173
0 -93 166
0 -31 188
2 -4 -11
0 -85 178
0 27 184
1 42 -166
0 -44 185
1 63 -174
0 -82 190
1 118 -179
1 27 -184
2 -2 9
1 124 -186
0 -78 189
2 -12 264
1 22 -169
2 -12 -9
1 37 -189
2 -1 -8
2 2 2
0 0 182
0 17 182
1 75 -168
0 -99 182
0 -71 184
1 -61 -185
2 23 -7
0 -60 180
2 -3 -13
1 -45 -169
1 -28 -169
0 -31 191
2 -7 -9
2 4 -4
1 35 -180
2 12 2
0 -95 181
2 14 -8
0 -92 190
2 -2 -1
0 -44 179
1 109 -171
1 65 -177
1 73 -185
1 74 -176
1 56 -197
2 -2 9
1 71 -188
0 -87 205
1 80 -177
2 -1 7
2 6 -1
1 158 -176
2 8 14
0 -81 183
2 12 7
2 -3 -10
2 -18 -3
2 -17 -14
1 69 -182
0 -9 165
0 -129 174
0 -152 169
2 16 -17
1 143 -183
0 15 177
1 54 -187
0 22 185
1 -10 -181
0 32 190
2 11 9
2 11 -9
1 63 -161
1 9 -190
1 101 -190
0 -154 170
1 2 -179
1 -42 -178
0 -8 183
1 27 -188
0 -133 173
0 -100 191
0 51 186
2 9 -1
1 134 -203
1 46 -181
1 -12 -174
2 7 10
2 -9 4
2 16 -1
1 4 -169
2 -13 10
1 58 -180
1 -90 -186
1 12 -194
1 35 -172
0 -113 189
0 -59 188
0 -20 180
1 145 -195
1 17 -178
2 3 -9
1 73 -192
1 45 -180
1 30 -170
1 62 -179
1 13 -175
0 -96 189
0 4 181
1 10 -175
2 6 20
0 -60 206
2 -7 0
1 45 -197
2 9 -7
0 63 162
1 78 -179
1 -9 -156
2 -9 14
0 -38 195
2 -3 0
0 -84 180
2 -2 -3
0 50 165
1 50 -178
0 -57 188
2 -5 2
1 121 -177
0 -12 178
0 -70 178
0 -181 174
1 -15 -172
2 8 -12
2 5 8
0 -55 195
1 3 -165
0 -88 184
2 3 21
2 7 9
1 72 -180
2 11 1
1 41 -188
0 -27 173
1 -41 -189
2 1 1
0 -3 188
2 1 6
1 18 -180
1 7 -191
0 -99 197
1 39 -211
0 -43 174
1 108 -182
0 -65 170
2 -17 4
1 98 -194
2 4 7
2 13 -7
0 53 172
2 -11 10
1 39 -180
1 -21 -180
0 -100 157
1 56 -180
1 88 -205
2 -4 12
0 -116 188
0 23 180
0 -45 165
2 0 -5
2 2 8
2 0 -9
0 2 172
2 -9 9
0 -19 178
1 8 -187
1 130 -176
2 -18 7
1 -8 -185
1 57 -172
2 9 2
1 -32 -170
1 31 -179
1 67 -169
1 9 -190
2 6 -12
0 -39 168
1 172 -184
1 19 -179
0 -29 173
1 71 -170
1 112 -179
2 -13 -11
2 9 -13
2 -7 -3
2 15 10
2 -11 -2
2 10 -1
1 48 -177
2 3 1
2 1 -6
0 -92 175
0 -14 185
2 20 -9
1 60 -177
0 -58 200
2 -7 -4
0 -79 172
0 -79 175
1 56 -170
0 -79 172
2 5 12
2 29 7
0 -60 181
1 26 -180
0 -43 189
1 -21 -192
0 -110 179
0 -25 166
1 36 -184
2 10 -1
1 50 -180
1 70 -195
1 29 -188
2 -9 -209
2 -3 -10
0 -3 196
2 -11 -2
0 -46 71
0 -75 184
2 1 -9
0 -100 189
2 5 15
0 -91 206
1 -25 -187
1 68 -188
1 103 -195
1 22 -177
0 -118 170
1 22 -173
0 -91 180
0 -90 183
2 10 4
0 -87 179
1 156 -174
1 162 -159
2 4 16
0 -12 178
2 -11 10
2 0 -8
2 9 -3
0 -13 177
2 -1 13
0 -16 186
2 17 -11
0 -94 189
2 8 7
0 -86 180
0 -176 182
0 34 184
1 50 -186
0 -30 195
1 31 -174
1 25 -185
2 7 8
0 -93 178
2 -8 4
2 10 -7
0 -87 172
1 -16 -186
2 -1 4
2 2 -3
1 25 -163
0 -53 172
1 47 -165
1 33 -179
2 15 -5
0 -79 190
1 75 -180
1 84 -183
1 22 -172
2 -14 8
0 26 195
0 -84 172
0 -99 194
1 62 -181
2 2 0
2 2 -19
2 7 -8
2 1 -12
1 -47 -170
2 1 -12
2 3 5
0 -117 187
2 -4 -4
1 99 -187
0 -13 161
1 54 -195
2 -5 -6
0 -63 174
1 63 -195
0 -6 186
0 -50 164
0 -91 177
1 -4 -181
2 7 -3
2 15 -16
1 82 -186
0 -42 183
1 98 -189
2 7 0
0 -112 191
0 -99 165
0 -77 172
2 7 14
1 104 -172
2 -7 -6
1 7 -185
2 19 14
2 6 -15
0 -66 173
0 -79 179
2 -2 -13
0 23 181
2 7 -4
2 -15 -7
1 157 -190
2 23 17
2 6 -20
2 1 -12
2 1 7
1 124 -191
1 -7 -172
1 25 -182
1 28 -185
1 40 -199
0 -152 175
2 -9 5
2 11 5
1 34 -175
2 -4 27
0 -47 181
2 18 3
0 -59 185
2 13 -1
2 1 23
1 63 -167
0 -144 182
1 70 -192
1 27 -170
2 1 -7
2 -8 9
0 6 169
0 -59 181
2 -2 16
0 -75 183
2 -2 0
0 -14 174
2 -5 -10
1 121 -177
1 99 -178
2 3 6
2 0 5
0 -35 178
1 -39 -170
0 -26 204
1 81 -173
1 20 -186
1 5 -170
1 94 -164
2 9 14
0 -9 181
1 39 -178
2 -10 -5
0 -86 200
0 -59 177
0 -37 176
0 -40 187
0 -86 185
0 -61 183
0 -31 176
1 25 -180
1 55 -183
2 -4 -9
0 -2 203
2 10 3
0 -71 190
1 31 -171
1 78 -196
1 51 -178
0 -89 174
0 -10 152
1 82 -158
1 38 -163
1 116 -200
0 5 182
2 -23 -1
1 -8 -189
0 -101 172
1 96 -166
0 -18 167
1 17 -171
2 3 2
0 -114 207
2 -17 10
0 -114 192
1 5 -179
2 0 -9
1 72 -179
0 -11 190
2 2 -1
0 -57 178
1 -4 -187
1 -9 -185
1 5 -191
1 88 -171
1 40 -168
0 -112 163
1 1 -182
1 86 -175
1 54 -217
1 31 -182
1 75 -178
0 -6 185
0 -34 170
1 74 -184
2 6 -6
1 -15 -166
0 -49 168
2 -5 -12
2 0 3
2 0 6
0 -90 176
1 78 -179
1 71 -184
1 89 -182
1 30 -173
2 -6 6
2 -18 -10
2 -19 25
0 -28 204
2 -3 -7
2 13 1
0 10 156
1 111 -194
0 -41 189
2 -11 -16
2 -13 -9
0 -86 192
1 -7 -167
1 54 -194
2 4 4
2 3 -19
1 -32 -191
2 5 0
1 17 -174
0 2 184
0 -43 174
0 -52 173
2 7 12
1 126 -183
1 -144 -191
0 -129 173
2 5 -4
1 37 -184
1 27 -188
2 -1 -4
2 11 5
0 29 169
2 9 -11
0 -17 197
2 -10 -22
2 -13 3
0 -25 170
0 -37 192
1 120 -166
2 -23 -3
2 4 0
1 75 -170
1 69 -178
0 -67 178
1 45 -162
2 10 -3
1 142 -169
0 -56 191
0 -37 172
1 65 -182
1 80 -189
1 77 -174
1 17 -168
0 -75 186
2 -5 -4
0 40 169
2 -19 -7
0 29 191
0 7 165
2 -10 -9
2 3 -4
1 43 -163
1 106 -181
1 76 -177
0 -57 185
0 -36 179
0 -7 170
0 -66 188
2 -26 -16
0 -57 193
0 -67 161
0 -129 186
0 -67 177
0 -81 180
1 52 -198
1 46 -172
2 8 1
0 -48 183
0 -84 179
2 1 3
2 -8 -1
1 -142 -173
2 9 8
0 -90 193
0 -9 190
0 -63 179
2 9 -5
2 11 -4
1 -16 -179
0 -137 168
1 9 -184
0 -49 165
1 69 -171
0 -43 192
1 -12 -190
2 -6 10
0 -56 186
2 -14 -11
2 -4 -17
2 -10 13
1 121 -180
0 -47 205
2 5 2
1 126 -180
2 -24 -5
1 36 -184
0 -115 180
2 -6 -10
1 10 -178
2 -9 -7
0 5 182
1 76 -186
0 -96 190
0 -47 167
2 1 -1
0 -6 204
0 -85 184
2 1 5
2 -6 5
1 19 -174
0 29 167
0 -28 183
1 99 -190
2 -9 7
2 11 11
2 26 17
1 11 -184
0 27 178
2 21 -15
0 -93 178
1 98 -186
0 -24 185
0 -60 195
2 -6 -18
0 -103 165
0 13 172
2 4 -4
2 -1 -18
2 0 -10
0 -50 175
1 17 -185
0 14 185
1 57 -165
1 112 -185
1 55 -182
0 -17 185
1 -59 -166
2 9 -26
2 -6 -11
0 -60 178
0 -112 184
0 -163 155
1 -18 -186
1 16 -178
1 181 -166
2 -123 -14
1 11 -168
0 -141 181
0 -52 182
0 -28 163
2 0 -4
0 9 179
1 5 -190
1 76 -194
2 -4 -5
2 2 -16
2 0 7
0 56 173
2 -8 -5
0 39 187
2 -6 6
2 1 12
0 -35 190
0 -75 169
2 -2 18
1 9 -200
1 67 -167
0 -74 167
0 -78 174
2 -4 6
1 -32 -188
2 13 -6
0 13 180
0 -8 178
2 3 22
1 1 -174
0 -25 178
0 -34 178
2 -3 0
0 -267 193
1 18 -173
2 -2 13
0 -78 201
0 -52 201
2 -9 -15
0 -24 170
2 -8 -7
1 40 -179
1 -39 -182
1 62 -177
1 132 -186
0 -175 167
2 23 13
2 9 -12
1 102 -192
1 29 -172
1 -16 -169
2 7 -13
0 -43 180
2 -9 2
1 94 -179
0 -99 192
0 31 168
0 -106 177
1 -64 -176
1 55 -188
1 48 -181
1 -10 -174
1 -21 -171
2 -21 -10
0 -144 176
2 15 -7
0 -88 184
0 -102 189
1 -4 -170
2 -1 1
2 7 -8
0 -33 164
0 -33 184
2 15 -9
2 -7 10
0 5 172
2 6 15
1 -16 -176
1 -36 -172
0 -77 165
1 119 -183
0 3 177
2 -9 2
0 -5 170
1 -5 -197
0 -7 199
2 -6 -4
0 -74 166
1 34 -194
0 -11 197
1 -28 -181
0 -57 180
1 138 -167
1 62 -172
1 24 -186
2 -10 1
1 98 -194
1 13 -194
0 -41 186
2 -7 5
0 -63 185
2 9 -11
1 21 -178
2 8 -1
1 84 -162
2 6 1
2 9 -5
1 -17 -185
1 52 -183
0 -45 175
0 -3 165
0 -79 187
2 -4 2
2 -11 4
2 -15 0
0 -59 169
2 0 10
0 14 165
0 -27 192
0 22 186
0 -27 184
2 -10 8
0 21 195
2 6 -14
2 -9 -3
2 -26 11
2 -2 -3
2 1 9
1 89 -177
1 32 -181
2 9 -2
1 44 -190
1 120 -181
1 14 -197
1 11 -180
1 52 -175
0 -94 190
2 3 9
0 -103 177
2 -4 0
1 21 -176
1 91 -191
0 -120 189
0 -31 174
1 29 -190
0 -70 185
1 74 -186
2 -19 -11
1 -38 -201
0 14 170
2 -8 1
0 -110 202
2 -5 -1
2 -13 17
0 -23 163
2 -11 20
0 -21 183
1 -77 -183
2 -5 -2
2 0 7
0 -78 179
1 109 -194
2 -1 -20
0 -10 177
0 -47 190
1 117 -192
2 -3 2
1 27 -152
1 29 -188
2 -16 16
1 2 -165
1 190 -199
2 1 -16
0 -47 185
2 13 4
0 -85 168
1 89 -179
2 -8 15
2 -4 -10
2 -5 6
0 -91 193
1 53 -181
0 -11 176
0 -102 175
1 80 -188
0 -21 202
1 65 -188
1 0 -185
0 -99 187
0 -2 186
1 169 -167
1 20 -194
0 -71 172
2 -6 -21
2 -7 6
0 -107 175
2 4 -3
0 -51 186
2 1 10
0 -90 173
0 -112 178
2 -6 -6
2 10 3
0 -7 186
0 -12 180
0 0 183
2 -5 -1
1 126 -178
0 -81 192
1 100 -186
0 -63 199
1 58 -169
0 -63 180
2 7 2
0 9 176
1 74 -185
2 9 3
0 -94 190
1 74 -195
2 14 -13
2 5 -21
2 2 4
1 14 -189
2 -4 12
2 2 -5
1 29 -189
0 -68 174
2 27 14
1 110 -190
0 -151 169
1 93 -176
1 81 -193
2 -7 -11
2 -7 3
0 -203 169
2 -16 12
2 0 -26
0 -19 176
2 4 -6
1 93 -181
1 -7 -173
2 -8 -13
1 -37 -192
1 29 -176
1 116 -173
1 56 -171
2 -11 9
0 -7 189
2 -3 -9
0 -45 165
2 -6 7
0 -58 167
1 88 -167
0 9 190
1 9 -168
1 37 -189
0 11 169
0 10 181
0 -23 183
0 1 162
2 -5 8
1 39 -194
2 -1 -122
2 -7 8
0 -80 176
2 -6 13
0 14 170
0 -66 180
1 78 -180
2 1 -14
0 -88 169
2 5 9
0 -39 173
1 159 -173
1 22 -186
0 -39 174
0 -9 172
0 -34 180
2 -1 -8
1 29 -181
1 58 -176
2 0 -8
2 -15 -3
0 -4 184
0 16 166
0 -114 -195
0 0 179
0 -141 185
2 -7 -12
1 -22 -176
0 7 171
0 -177 183
2 5 4
1 -62 -172
2 -11 -6
0 -91 187
1 59 -180
1 63 -174
2 12 3
1 46 -193
1 103 -156
2 13 6
0 -63 182
2 17 15
2 -2 1
0 -23 186
0 -4 169
2 25 12
1 36 -170
0 -45 181
0 -107 181
1 -4 -176
0 -87 191
2 -17 6
1 -26 -175
1 70 -177
1 116 -173
0 -49 175
0 -79 179
2 -12 13
0 -124 170
1 130 -170
1 89 -183
1 7 -189
1 90 -163
0 -105 172
2 5 12
0 -21 186
1 -24 -186
2 -6 -15
1 -16 -191
1 35 -182
2 2 5
2 -12 -17
0 12 172
1 16 -177
1 9 -174
0 -18 182
0 40 175
2 11 12
2 5 9
0 -49 184
2 -19 -3
0 -46 194
0 -22 165
2 7 4
1 -35 -175
2 -5 -14
0 -103 175
1 61 -184
0 0 192
1 -4 -160
1 47 -167
0 -101 147
2 9 -1
0 -33 198
0 -39 186
0 -106 194
1 14 -177
1 77 -179
1 116 -168
2 -5 -10
0 -32 231
1 -8 -176
0 -80 189
0 -163 177
0 -137 173
1 57 -181
0 -73 178
1 94 -180
2 -17 -10
1 45 -193
0 -71 186
2 15 10
0 -49 190
0 -6 198
1 56 -185
2 -2 -4
2 -22 -23
2 -25 19
1 120 -182
0 -21 169
2 -15 12
0 -134 192
2 -22 -2
0 -65 171
2 12 9
0 -38 167
2 0 2
1 103 -196
1 104 -166
0 -19 178
1 16 -172
1 40 -190
1 28 -175
1 69 -190
1 -5 -191
1 -12 -165
2 -4 -13
1 67 -183
2 -17 8
0 -24 176
1 -7 -191
1 97 -177
2 -1 6
2 -9 -3
1 76 -172
1 65 -190
2 -11 -20
0 67 185
0 -97 173
2 -1 -19
0 -87 176
0 -64 196
0 -8 168
1 43 -185
2 -6 -9
1 9 -183
2 10 -4
0 -78 175
0 -86 188
1 51 -166
1 109 -200
2 3 7
0 -68 178
2 23 10
0 -97 178
0 25 183
1 114 -174
2 14 -17
2 -17 0
1 -9 -183
1 -15 -186
2 -10 -25
1 102 -184
2 -15 -7
2 9 -7
1 54 -186
1 47 -181
1 80 -189
0 -90 165
1 14 -161
2 6 -19
2 -4 8
0 59 187
0 12 180
0 2 176
1 2 -178
2 4 -2
2 -12 -2
1 19 -170
1 71 -175
2 -2 -7
0 -49 181
1 107 -169
1 127 -181
0 -47 184
1 50 -188
1 -5 -178
1 -11 -176
0 -63 178
2 -7 -16
2 3 -2
0 -59 175
0 -58 186
0 -119 205
1 30 -168
1 59 -198
1 61 -161
0 -131 195
1 55 -198
2 14 -8
1 -14 -201
1 124 -167
2 6 -2
0 -4 178
1 14 -178
1 82 -157
0 -48 196
2 -5 15
0 -96 171
0 -51 192
0 22 195
0 41 177
0 -21 176
2 -5 8
1 71 -175
1 29 -195
0 -20 175
1 55 -208
1 38 -197
0 -88 199
0 -140 194
1 0 -180
0 -81 182
1 50 -171
2 -3 -3
0 -67 173
0 1 179
0 11 196
1 18 -172
1 1 -163
0 -14 183
0 -26 176
2 5 14
2 2 -3
1 4 -184
0 -29 180
2 10 -11
1 21 -176
2 4 12
2 -5 18
2 0 -2
0 -83 174
0 -75 169
0 -51 176
2 21 8
1 -18 -184
0 -116 179
2 -5 -15
0 -40 173
2 -2 2
2 7 12
0 -134 188
0 -86 171
1 22 -171
0 -21 188
0 -39 185
2 6 8
0 13 190
1 -8 -171
2 -15 1
2 -13 1
1 25 -177
1 38 -180
0 -89 180
1 -70 -183
1 -41 -178
2 2 -9
2 1 -8
0 -43 180
2 -1 5
0 7 191
0 -125 169
0 -20 172
2 1 19
2 8 -8
1 10 -195
1 3 -192
1 -10 -176
0 -68 194
2 2 3
1 104 -193
2 10 -1
0 -32 180
0 -40 178
2 20 16
0 -73 196
1 128 -177
2 9 -2
2 6 6
0 -37 180
1 116 -194
0 -80 182
1 51 -175
0 -3 185
0 -33 176
1 48 -182
0 -40 169
1 63 -177
1 85 -185
0 -129 193
0 -54 183
2 2 10
2 -8 1
0 -113 170
2 -11 -13
0 -24 195
0 4 168
1 33 -178
1 -24 -194
1 147 -197
1 7 -188
1 18 -190
0 -109 192
0 38 178
1 7 -176
1 96 -184
0 -95 174
2 23 -15
1 -2 -158
1 73 -191
2 8 12
0 -14 185
2 -2 -13
2 -18 -8
2 25 -10
1 -79 -169
2 -21 2
1 -1 -186
2 0 -4
0 -108 172
2 -6 10
1 17 -178
2 -12 5
2 9 -16
1 34 -180
0 -21 192
0 -62 171
2 9 2
0 -93 175
1 119 -168
0 91 164
1 26 -186
2 -11 -2
0 -61 176
0 -94 171
0 -176 185
2 -5 3
2 6 -6
2 15 -10
1 -7 -182
0 -42 178
0 75 177
1 63 -186
2 -7 -6
0 -9 182
2 7 4
0 -61 170
0 -76 181
0 -151 177
2 20 7
2 0 1
1 7 -172
1 144 -179
1 15 -186
0 -16 179
2 -17 9
1 34 -164
0 -42 180
0 8 166
1 -40 -199
1 -39 -182
2 -17 -15
2 1 -9
2 -11 -2
0 -19 188
1 -26 -168
2 -9 -12
2 -3 -4
2 0 -20
2 1 15
2 1 14
1 129 -158
0 26 185
1 135 -153
2 -9 1
0 -87 187
1 89 -190
1 -30 -187
2 27 20
2 -30 -4
0 -53 187
1 96 -159
1 -67 -166
2 6 0
2 6 -1
1 62 -170
1 57 -186
2 11 3
1 49 -175
0 -37 173
1 46 -182
2 -3 -11
0 -43 196
2 9 9
0 10 160
0 78 180
2 -10 3
1 68 -163
0 -116 172
2 0 12
0 -45 198
0 -56 177
2 24 2
0 -63 172
0 -143 164
1 59 -188
0 -37 186
2 0 8
0 -51 181
2 -11 5
0 63 171
2 2 4
1 -17 -173
0 -78 157
0 -98 197
0 -53 175
0 -50 168
2 1 8
1 59 -171
1 96 -179
0 -41 181
1 54 -178
0 4 179
1 1 -168
2 6 14
1 4 -176
2 0 -13
1 31 -160
2 2 5
0 -90 187
0 5 189
2 5 -14
1 1 -179
0 56 188
0 -15 189
1 24 -194
0 37 181
2 10 -6
2 18 -5
0 -45 177
0 -45 159
1 61 -184
1 7 -163
2 21 -8
1 49 -172
2 7 -9
1 14 -177
1 32 -200
2 2 10
0 -17 174
1 120 -185
0 -1 162
1 89 -193
2 -2 5
0 -68 189
2 -11 1
1 -7 -177
0 -83 196
2 -8 13
2 3 -4
2 10 0
1 -13 -171
1 42 -192
1 116 -200
1 77 -186
0 -2 183
0 -54 193
2 16 12
0 -51 183
2 3 -8
0 -3 190
0 18 184
2 0 -6
0 -70 172
0 -104 180
1 38 -183
0 -28 176
2 15 -8
0 -85 180
1 -16 -184
1 15 -168
1 5 -168
2 5 -9
1 28 -163
0 -68 165
0 -100 171
2 5 -10
1 -46 -175
0 -39 194
2 1 4
0 15 176
0 -83 192
0 -6 171
1 131 -159
1 96 -181
1 55 -167
1 66 -170
2 -2 7
1 32 -179
1 91 -178
0 -36 183
0 -82 187
2 -1 13
2 3 -18
1 -22 -169
2 0 8
2 -3 -4
0 -97 181
2 14 -12
0 20 182
0 -7 167
0 -51 167
1 38 -177
0 -94 179
0 15 170
2 15 -6
1 117 -193
0 0 194
1 -6 -182
0 -57 178
2 -1 -3
2 -13 12
1 130 -178
1 56 -193
0 -35 181
0 -114 172
0 -52 179
1 45 -192
0 -51 184
0 -74 196
1 -11 -187
0 -65 191
2 0 3
2 -6 -11
0 52 161
1 -69 -180
0 -66 179
0 -126 169
1 64 -178
1 90 -166
1 53 -187
2 -17 9
2 -12 -5
2 13 6
1 110 -186
0 -47 161
2 13 6
1 -19 -177
0 -146 201
1 80 -192
0 15 181
2 10 -3
1 15 -195
2 2 9
2 2 8
1 9 -179
2 15 -1
2 0 -8
1 84 -175
1 10 -187
1 -45 -182
2 -11 17
2 -17 -21
1 9 -202
1 90 -195
1 10 -201
2 -12 8
1 41 -199
2 10 15
0 -75 185
0 11 164
0 -69 179
2 11 -1
1 49 -206
1 89 -177
0 -54 171
0 -49 174
0 -58 166
2 -8 14
0 -28 182
2 8 8
1 4 -181
0 -45 197
2 0 -2
0 -116 164
0 -41 183
2 -8 9
0 -46 191
2 -8 -7
1 -13 -184
1 191 -168
1 66 -174
0 -82 176
0 -83 194
1 10 -197
0 -39 174
2 14 -2
0 36 156
1 97 -185
2 -19 1
1 93 -178
2 4 -12
2 -5 20
1 92 -186
1 72 -162
1 133 -171
0 -71 190
0 -90 164
2 -1 13
2 -8 5
1 80 -181
2 -7 18
2 13 9
2 3 -2
1 179 -186
1 97 -180
1 128 -184
0 -30 190
1 32 -172
1 34 -187
0 -108 186
0 -40 161
0 -7 168
1 7 -182
0 3 184
1 71 -181
2 11 5
1 64 -175
0 -142 197
0 -104 191
1 84 -174
1 77 -189
2 -7 -15
0 -36 190
2 4 -4
2 10 5
0 26 187
1 94 -183
1 98 -181
0 -37 176
2 6 17
0 -138 182
2 12 -7
2 25 -1
0 -46 189
0 -60 167
1 17 -203
1 97 -165
1 37 -188
0 -95 178
2 5 -9
1 37 -177
0 -78 166
0 -98 174
2 23 10
2 -6 0
1 114 -167
1 -53 -189
2 -10 -9
1 40 -163
0 -24 180
2 8 4
2 24 -2
1 -16 -201
0 -130 187
0 -44 173
0 -119 180
1 44 -190
2 -15 3
2 10 12
2 -14 -8
1 79 -177
2 1 -9
1 53 -185
1 84 -191
2 4 -15
2 -17 20
2 -15 4
2 -8 12
1 18 -179
0 -77 179
1 73 -174
0 -108 185
1 54 -159
2 9 5
2 -7 12
1 156 -198
2 11 1
1 22 -179
2 3 6
1 -36 -158
1 111 -191
1 57 -165
2 7 -19
2 -14 -2
0 -47 164
0 -26 172
2 -3 -11
0 14 188
1 9 -170
2 -3 9
2 -6 6
0 -99 175
1 19 -171
2 -6 1
2 12 -10
1 0 -178
1 -7 -175
0 -89 205
1 79 -182
0 -4 172
2 -19 3
2 -14 17
0 -59 176
0 -84 181
1 58 -175
2 1 5
0 -8 201
2 -5 2
1 61 -175
0 42 178
1 29 -180
0 -70 164
2 -16 15
0 -54 178
1 55 -189
1 -34 -191
2 9 -5
1 -47 -190
2 9 2
2 -2 2
2 5 -3
0 -85 188
0 -37 176
0 -114 173
0 -71 173
1 63 -180
0 15 187
1 64 -172
2 -7 -8
1 36 -171
0 -36 172
0 -1 182
1 115 -189
2 2 -2
2 -6 -2
0 -57 194
1 101 -157
0 -67 184
1 -2 -181
1 32 -175
2 -2 -3
0 -58 180
1 44 -184
1 86 -196
1 8 -178
2 -3 5
0 -80 178
2 1 2
2 23 2
2 0 10
0 -89 162
1 51 -175
0 -55 161
1 41 -167
2 -11 9
0 -17 177
2 -11 -13
2 17 0
1 87 -177
1 100 -183
1 -28 -185
0 34 188
2 11 10
2 -5 -9
0 -60 178
2 -9 0
2 5 -9
2 3 0
2 15 -6
2 10 7
2 -2 -4
1 14 -193
0 -32 180
0 -43 178
2 -12 9
0 -127 172
2 -4 2
2 7 -9
1 39 -176
1 99 -184
2 11 -1
0 -55 197
0 -19 183
0 -77 183
0 -56 185
2 -3 16
1 32 -173
0 -9 161
0 -15 174
0 -60 177
0 40 195
0 -149 182
0 -25 181
2 38 -18
2 -8 -10
1 -17 -201
1 -19 -185
2 -13 0
2 6 -2
2 -8 5
0 -16 158
1 120 -201
0 -9 178
1 66 -162
0 -32 200
1 -86 -171
2 6 -3
1 23 -188
1 -14 -175
0 -16 178
1 101 -188
0 -21 184
2 -10 16
2 -2 -20
0 -65 181
0 -24 164
1 11 -183
0 -13 189
0 -95 192
1 37 -182
1 41 -185
0 -39 192
1 23 -182
2 -17 6
0 -130 180
2 7 6
0 -69 172
0 -139 183
1 44 -189
1 39 -176
2 21 -26
2 -3 5
0 -100 169
1 35 -193
2 -5 -21
1 120 -173
2 -1 -5
2 -7 10
1 104 -185
0 -95 183
2 -12 -15
2 -17 2
0 -101 188
0 22 170
1 40 -180
2 -6 15
2 9 -1
1 5 -195
0 -70 167
2 -8 -2
1 74 -171
0 71 203
0 -100 201
0 -53 176
1 55 -172
0 -26 193
1 44 -181
0 -64 191
0 -96 199
2 2 -5
1 88 -186
2 -9 -6
1 -66 -179
0 -81 189
2 -2 -2
2 2 -9
0 -67 181
2 -9 -5
0 -98 186
1 53 -167
2 -4 -1
2 2 6
0 -5 170
0 -93 185
1 122 -181
2 8 -9
1 112 -178
2 13 3
1 27 -169
0 -27 181
1 44 -187
2 -4 3
0 25 182
0 -38 185
0 -25 177
0 -29 187
2 7 -19
2 10 6
1 93 -184
0 15 161
1 116 -172
2 -11 -3
1 48 -178
1 53 -187
0 -107 170
0 -36 171
0 52 154
2 -6 16
2 -9 10
0 3 179
0 -43 161
0 -64 194
1 -11 -161
0 -91 177
0 11 167
2 1 -12
0 -97 177
2 -3 3
1 61 -190
1 100 -174
1 11 -200
2 -7 2
0 -105 194
1 -118 -174
2 2 -5
2 -3 6
0 -34 195
2 4 236
1 22 -184
2 -12 -15
2 0 -2
1 -8 -176
1 128 -191
0 -80 162
0 -57 174
1 128 -187
0 -99 198
2 -10 -2
1 68 -195
1 32 -181
2 -2 8
0 -88 167
1 51 -182
0 38 179
2 -2 0
0 -1 175
1 83 -178
2 -5 -1
1 149 -183
1 47 -186
2 -9 -16
0 -97 174
1 24 -183
1 -27 -199
0 -33 156
1 20 -171
2 -7 -21
1 50 -179
0 2 189
1 74 -185
0 -98 160
1 123 -182
0 -98 167
2 -4 10
2 -16 -15
1 57 -168
0 -32 172
0 -83 161
2 -11 17
2 0 2
0 -91 176
2 -8 14
1 48 -174
0 78 193
0 -113 173
2 -13 7
2 -9 5
1 81 -161
1 36 -180
2 3 23
0 -64 185
1 92 -199
0 -93 203
2 -18 -6
0 -13 174
2 13 -20
1 3 -172
0 4 181
0 4 158
0 -54 182
2 12 23
0 -22 185
0 -18 194
1 -24 -186
2 18 9
2 -19 -10
1 121 -165
2 10 -2
1 53 -178
1 50 -191
2 13 6
2 -19 19
0 -50 167
2 0 -5
0 -69 182
0 -58 198
1 49 -180
0 24 189
2 -14 -5
1 44 -187
1 58 -187
1 144 -192
0 10 192
1 167 -195
2 -8 1
0 -94 185
1 55 -172
1 44 -171
0 -31 207
2 -4 16
1 136 -191
1 132 -182
1 71 -188
1 -20 -173
0 -93 196
1 46 -172
2 -12 3
1 20 -186
1 26 -168
2 -2 -5
0 -67 199
1 69 -173
0 -35 171
1 -1 -172
2 15 19
0 2 176
2 2 6
2 5 9
2 -15 -12
2 2 5
0 -29 164
2 11 3
0 -42 187
0 -89 188
2 7 -8
2 -2 12
2 -1 12
2 19 9
2 -13 -17
1 -6 -184
1 -45 -174
2 11 2
0 -204 186
0 -153 178
0 35 184
1 51 -182
1 57 -193
0 -109 193
2 0 1
2 -4 -13
1 69 -181
1 72 -188
2 0 11
1 57 -187
1 148 -184
2 2 -5
1 33 -188
2 -21 -2
2 6 18
2 -18 -2
1 18 -183
0 -18 183
0 -26 196
1 22 -179
0 -55 181
2 -24 9
2 2 8
1 -6 -190
1 41 -177
2 -12 12
2 2 3
2 -9 4
0 -73 185
0 -90 177
0 -33 181
1 37 -189
2 32 6
2 -21 6
2 -8 -31
2 -1 1
1 81 -200
0 1 188
2 -13 -8
0 -9 176
1 58 -178
2 -7 3
1 45 -164
2 -1 1
0 -89 169
1 8 -176
0 -34 176
1 58 -177
2 -4 -1
1 94 -193
2 -16 8
1 52 -183
1 101 -204
1 121 -179
1 53 -177
2 4 6
0 -46 177
1 133 -187
0 57 189
2 15 -9
2 -4 -2
2 2 2
0 -100 194
0 -30 181
0 -17 201
0 8 194
2 0 4
2 -2 4
2 -8 16
1 111 -187
1 -63 -179
2 -12 -1
2 16 -9
1 -10 -190
1 60 -185
1 111 -182
2 2 -5
2 -8 3
0 32 180
0 -75 179
2 -3 5
1 85 -183
2 -15 -12
2 8 -21
2 -4 -5
0 -101 168
2 5 -14
2 13 -9
1 94 -162
0 -6 172
2 -9 14
1 25 -179
1 55 -159
0 -55 196
0 -161 177
0 -55 186
0 -38 177
2 6 17
0 -30 174
0 3 180
1 51 -185
1 48 -188
0 -27 191
0 -143 196
0 -127 198
2 -6 8
2 8 -3
0 -93 177
1 92 -193
0 -78 183
0 38 171
2 -9 -6
1 54 -156
2 11 17
0 -50 189
1 -14 -177
0 -89 172
2 5 -11
0 -11 183
2 14 7
0 -53 182
2 -13 -12
2 3 14
0 -66 169
0 -60 174
0 -45 183
1 126 -168
2 21 21
1 137 -179
2 7 -6
1 8 -182
1 18 -189
1 29 -177
1 10 -170
2 -2 18
2 -12 -1
2 0 9
0 38 193
0 -46 179
0 -100 170
1 -5 -195
1 19 -183
1 86 -193
0 -132 181
1 67 -183
1 69 -192
2 7 -17
1 4 -174
2 1 2
0 -94 171
0 -24 189
2 -3 2
2 -25 -6
2 -18 -14
2 7 4
2 -6 -2
2 -17 8
0 -21 183
1 152 -184
2 -18 -8
1 42 -191
0 -97 171
2 12 4
0 -33 194
0 -109 177
0 33 192
1 115 -184
1 85 -192
1 7 -175
0 -17 180
1 91 -186
2 -1 17
0 -42 186
2 -4 9
0 -105 178
0 -95 177
0 -73 186
1 52 -179
2 2 0
2 9 4
2 -14 0
0 -6 185
2 12 -8
2 -11 -9
0 -41 188
0 -73 195
1 -1 -177
0 -23 177
0 -76 171
2 -5 6
0 -49 178
0 -46 191
1 53 -183
2 7 -26
0 -102 176
1 6 -161
2 5 10
0 -34 193
1 71 -185
2 -7 -3
0 -39 188
2 -4 11
0 -57 191
0 -92 163
0 -58 183
0 -91 170
0 88 172
1 -19 -172
1 63 -180
1 2 -171
0 11 195
2 -15 4
2 -4 -4
2 8 8
2 3 -13
0 -103 190
1 14 -185
0 -133 192
1 136 -176
0 -89 171
1 90 -181
1 18 -186
0 -100 176
1 -19 -187
1 133 -166
0 3 181
0 -57 171
0 -45 188
0 -42 189
1 9 -189
2 -10 3
2 -14 4
1 113 -198
1 59 -190
2 -18 1
2 -12 -1
1 -50 -183
1 94 -167
2 7 5
1 18 -174
0 -34 174
2 -5 0
1 106 -182
0 -31 194
1 -5 -178
2 -5 0
2 13 4
2 9 2
2 -8 4
0 -178 189
1 37 -171
0 -75 195
0 -87 173
1 72 -188
0 -72 182
1 91 -157
2 -22 7
0 28 181
0 -42 173
1 48 -173
1 100 -181
0 -26 179
2 -10 17
1 116 -177
0 13 169
0 -120 182
0 -83 179
1 133 -175
1 68 -181
2 -11 3
1 29 -175
0 -47 169
2 -10 5
2 -12 15
1 50 -186
1 71 -174
2 -9 -7
0 41 190
0 -97 185
1 -47 -172
2 3 9
1 50 -182
1 53 -171
2 -22 -6
1 34 -186
2 2 -3
0 -64 181
2 5 2
0 19 182
2 10 13
1 -41 -175
1 61 -189
1 82 -186
0 -40 182
1 51 -179
0 50 181
2 -12 9
0 19 182
0 -46 173
0 -109 183
1 48 -164
1 -47 -170
0 -66 169
2 -14 4
1 153 -175
1 140 -189
0 -113 173
2 11 -5
1 38 -193
0 -48 193
1 8 -191
2 -5 13
0 23 182
1 121 -179
1 58 -166
0 -15 178
2 0 7
2 1 -19
1 47 -182
0 -115 180
2 -16 -9
0 -23 183
0 -45 176
0 -99 193
1 14 -183
2 -15 2
0 -86 166
2 -10 4
0 -62 179
2 11 -2
0 -13 185
0 -61 182
0 -76 184
1 -5 -188
2 7 1
0 1 182
2 -4 -4
0 23 182
0 -78 193
2 -3 2
1 26 -194
0 -87 174
1 123 -158
1 45 -183
2 -5 -11
2 -2 8
1 142 -174
2 -14 15
1 107 -186
0 -76 164
1 -42 -187
1 78 -188
0 -80 173
2 -4 20
0 -55 195
1 55 -175
0 12 175
0 -91 178
1 124 -175
2 14 2
0 -1 184
1 10 -179
2 -3 -10
2 7 -3
0 -15 190
2 3 -2
1 -83 -190
2 1 2
1 73 -192
1 51 -171
1 28 -178
1 31 -166
0 -64 194
2 1 4
1 28 -194
2 23 -1
2 7 12
2 -16 -7
0 -51 174
0 -36 170
0 -92 177
0 7 184
1 34 -171
1 77 -183
0 -83 189
1 50 -196
1 34 -179
2 -3 -10
0 -28 176
0 -38 179
2 -13 0
1 112 -197
2 -15 -2
0 -31 162
0 -102 177
0 -85 189
2 18 12
1 30 -189
2 6 14
1 1 -180
1 6 -194
1 -50 -194
1 57 -177
2 -4 2
1 92 -182
1 59 -179
1 8 -186
0 -130 174
2 11 -4
0 -46 179
0 -49 178
2 -2 -12
1 107 -173
2 1 8
1 -41 -166
2 -2 -2
1 18 -172
1 -2 -178
2 -10 -11
0 -64 212
1 -47 -181
1 101 -178
1 10 -191
1 30 -182
1 117 -3
2 19 14
2 10 -14
2 2 10
1 -6 -174
1 45 -163
2 14 -2
1 62 -179
0 -19 181
1 81 -166
1 19 -198
0 59 190
1 100 -163
2 0 -11
0 -32 190
1 26 -167
1 -10 -169
0 -69 179
0 -83 180
2 -11 -9
0 -153 184
2 0 8
0 -2 182
0 -122 178
2 -13 18
0 -17 171
1 34 -190
0 -122 197
2 -12 -7
1 5 -178
2 6 7
1 -1 -176
1 71 -167
0 -61 194
1 12 -169
0 -8 181
0 15 181
0 -7 188
2 -14 -1
1 51 -198
2 0 13
1 63 -193
2 -9 5
1 -21 -178
2 -3 -1
0 31 182
1 18 -171
1 47 -195
1 50 -173
2 -6 -6
1 53 -166
2 20 -3
0 -52 184
2 5 3
0 -23 169
0 -51 188
1 174 -179
2 9 -7
1 41 -174
2 5 -13
0 -52 174
1 126 -175
2 -4 -1
2 14 -8
0 -79 187
2 -2 -20
1 103 -193
2 7 13
0 7 156
1 96 -164
2 -5 13
0 -9 166
1 49 -186
2 1 -5
0 -84 170
0 4 206
1 112 -186
0 -32 188
0 -14 170
0 -49 184
2 -14 14
1 64 -178
1 58 -179
1 23 -173
2 -4 7
2 -1 14
2 12 -3
2 12 -10
2 12 16
1 83 -185
2 -8 -8
1 14 -186
0 -32 190
2 0 4
2 17 1
1 -19 -175
0 -41 179
1 9 -172
2 -2 -11
2 3 2
2 -8 -20
1 99 -178
2 3 -2
0 -19 187
0 -39 180
2 21 186
0 -59 193
2 -2 5
1 35 -177
0 14 177
1 30 -164
1 86 -187
1 153 -179
0 -52 176
1 121 -190
0 -113 165
1 11 -177
2 -10 -17
2 8 10
1 39 -166
2 -1 -17
0 -51 188
1 71 -173
1 41 -180
1 48 -167
1 -41 -159
2 -1 0
2 -9 -15
0 50 177
2 -8 12
0 -21 188
0 -128 171
0 -67 198
0 5 190
0 -70 184
2 5 11
0 -93 166
0 1 165
1 11 -175
2 11 15
0 10 185
1 -83 -190
2 -8 0
0 -60 182
2 7 5
1 51 -186
1 104 -190
0 -44 190
1 6 -173
2 1 -22
0 -66 169
1 -12 -166
2 -2 11
2 5 -1
2 6 7
1 155 -185
2 -5 4
2 -8 6
1 33 -170
1 54 -178
0 -10 171
1 50 -174
2 -2 -3
2 -6 11
1 75 -188
2 4 9
2 11 -15
1 -54 -172
0 -48 177
2 13 -4
2 16 -2
2 4 -3
0 -63 184
2 2 -3
0 18 193
0 -1 178
2 -2 -3
1 160 -184
2 -21 1
1 48 -194
2 -9 7
0 -134 184
2 12 0
2 13 3
2 -6 -3
0 -138 166
1 108 -183
1 67 -160
0 -8 76
2 -7 -8
1 85 -166
0 -51 195
2 1 1
0 -48 185
1 1 -184
1 4 -184
0 -65 177
0 -53 186
2 -2 6
2 2 8
0 -153 179
2 9 3
2 8 5
0 -11 181
0 -57 183
1 65 -189
0 -36 181
2 3 2
1 74 -199
0 -103 190
2 -7 23
0 21 186
0 0 181
1 -22 -190
1 28 -177
1 130 -188
2 7 14
0 -71 178
1 46 -191
1 44 -176
2 -1 -11
1 54 -165
2 -15 7
0 -40 186
2 0 -15
0 -27 174
2 12 -1
1 -17 -180
1 90 -190
2 8 -14
2 13 3
0 -36 178
2 7 2
0 66 181
0 6 186
1 -3 -181
0 73 174
0 -64 185
2 -7 -15
0 -58 187
1 37 -191
2 -9 9
2 -4 6
0 -92 173
2 -13 7
1 52 -174
1 24 -193
2 6 -4
0 -114 173
2 3 13
2 18 -11
0 -93 194
1 37 -164
2 9 -5
1 68 -184
0 -32 182
0 -92 188
1 34 -186
2 6 -9
0 -42 167
1 63 -173
1 81 -183
0 -28 175
0 7 189
0 -7 180
1 -69 -184
1 37 -161
0 -65 188
0 -103 199
0 -40 174
0 -40 197
2 6 -9
1 24 -197
1 74 -193
2 -8 -5
0 -6 184
0 0 192
1 46 -173
2 -2 -17
2 -2 -14
0 -81 190
1 1 -175
2 10 20
2 -10 -6
0 8 186
0 -81 184
0 -10 180
1 0 -191
1 73 -182
0 -149 178
0 -55 177
0 -162 183
1 35 -182
0 6 182
2 3 -14
0 11 188
1 84 -173
0 28 177
2 -6 8
2 -19 6
2 -3 3
0 -13 184
1 37 -166
0 -89 168
0 -155 177
0 -23 186
2 -1 2
2 4 -2
1 -2 -189
0 11 187
0 -53 181
2 -4 -6
0 -77 187
1 22 -172
0 -24 197
2 1 -13
0 -50 188
1 99 -199
2 9 16
2 -2 18
1 151 -192
0 -33 188
1 -2 -178
0 -54 202
0 41 173
1 12 -178
0 -223 183
2 7 -4
1 59 -193
2 -19 -18
0 -43 186
0 -93 176
2 3 -1
2 -1 -14
2 10 9
0 -117 191
0 -89 175
0 -32 178
0 -68 185
2 8 4
1 121 -192
0 -93 173
2 -1 7
0 -67 182
0 -60 192
0 -40 191
0 -89 182
2 5 10
1 45 -187
0 -63 188
2 -26 -3
1 95 -180
2 -11 -15
2 -6 9
2 -3 4
0 -102 188
2 3 -5
2 4 -4
2 6 20
1 -11 -188
0 32 185
2 2 -4
0 -50 183
2 -6 0
0 -120 185
0 -85 175
1 15 -193
0 -168 191
0 -78 190
0 -145 178
0 -18 175
1 79 -167
1 32 -170
0 -28 174
1 81 -177
0 -88 179
1 118 -185
0 -58 164
2 5 18
0 -79 186
1 92 -175
0 -12 179
1 77 -172
1 -13 -176
0 19 182
1 36 -187
1 8 -174
2 -5 18
2 -7 14
1 -15 -189
0 -1 186
0 -80 170
2 8 6
1 31 -186
1 62 -194
1 79 -189
1 110 -196
2 -12 -1
1 69 -173
0 45 181
2 3 -4
0 -152 183
0 50 191
2 -10 -2
2 -25 -7
0 -67 179
2 -5 6
0 11 166
1 11 -209
1 73 -193
0 -23 189
0 -21 166
0 -70 193
0 -39 194
1 153 -163
1 168 -192
0 1 169
0 -34 173
0 -41 183
0 -140 195
0 10 189
0 3 169
1 5 -197
0 -27 194
1 171 -172
2 -16 12
2 6 -20
2 3 2
1 50 -178
1 25 -169
0 -187 170
0 -51 177
2 -1 -14
1 -17 -193
0 -169 194
1 92 -173
0 -42 167
0 -6 172
0 -59 175
0 19 188
1 36 -173
1 86 -196
2 0 1
0 -60 176
0 -61 171
1 62 -173
2 -2 4
1 97 -161
2 -7 34
0 -46 189
1 47 -174
1 97 -170
1 114 -182
2 -15 17
0 -98 186
0 -1 183
0 -18 182
1 118 -179
1 49 -183
1 -62 -189
1 30 -174
1 -41 -166
1 122 -196
0 -67 177
1 94 -155
2 17 -9
1 1 -178
1 31 -166
1 106 -169
0 -37 165
0 -8 176
1 44 -173
0 45 197
0 -47 177
0 -27 179
1 110 -181
2 -12 -12
0 -53 169
0 -101 161
0 -116 183
1 78 -167
1 -42 -176
0 -48 182
2 -10 -4
0 -79 186
1 92 -171
2 11 8
0 -85 171
2 -23 -7
2 19 -2
2 -7 -2
0 -67 178
0 -35 175
0 23 181
1 43 -188
1 78 -176
1 49 -168
0 -21 168
0 27 189
2 -9 -8
2 -9 -5
1 57 -170
2 -5 2
1 113 -172
0 -34 167
2 4 -3
1 23 -182
2 5 11
0 -8 178
1 9 -174
0 -81 181
0 -65 185
0 -59 187
0 -88 190
0 -34 173
1 121 -165
0 27 185
0 64 175
0 -67 170
2 10 4
0 -7 192
2 6 -4
0 -45 185
0 -26 188
1 47 -186
1 19 -174
0 -54 190
2 7 -13
0 -46 179
0 -15 171
2 -16 -4
1 26 -166
1 -29 -193
2 -2 -8
2 -4 -20
2 -7 -15
2 4 12
2 9 -2
0 -12 167
2 8 8
2 9 0
1 43 -194
2 -3 12
1 -33 -170
2 -5 9
0 -58 182
0 29 182
1 -41 -190
0 -82 174
1 14 -183
1 83 -182
2 -15 6
1 36 -180
2 -3 -1
2 -10 3
0 -79 170
2 2 7
1 24 -182
2 7 -15
1 36 -178
1 59 -183
2 17 -14
1 68 -170
2 -1 6
0 -26 176
0 -54 165
2 4 -8
2 4 13
0 -143 179
2 -8 5
0 8 179
1 -3 -178
2 -8 1
2 16 7
0 -11 180
2 16 5
2 0 17
1 74 -193
2 -8 6
0 -136 186
2 1 10
0 -78 177
0 -104 174
1 -3 -170
2 -12 -1
2 0 -9
0 -86 187
1 66 -175
1 73 -184
1 42 -187
2 -6 8
0 1 184
2 4 5
2 -3 -4
1 145 -179
1 51 -187
1 96 -160
0 7 185
1 -25 -190
2 1 -6
1 35 -192
0 -57 183
2 11 15
2 -1 -13
1 156 -183
0 104 170
1 36 -190
2 -6 2
1 52 -190
0 -77 194
2 3 -9
1 -5 -172
2 6 -7
0 -11 197
0 -129 169
0 -21 183
2 -11 10
1 -36 -173
0 -31 185
2 11 2
1 85 -185
1 26 -167
0 -57 188
2 -13 4
0 -161 185
1 154 -185
0 -36 172
2 8 13
2 2 8
1 122 -161
0 -26 178
0 -18 201
0 -17 181
1 67 -183
1 69 -174
0 -1 163
1 96 -171
1 10 -181
1 75 -177
2 0 8
0 -79 171
1 37 -183
2 3 -6
0 13 178
0 -105 184
0 60 156
2 -5 -4
1 3 -181
1 124 -176
1 -20 -181
0 -42 170
2 -6 -1
2 6 9
0 -58 177
0 -61 185
2 -12 -15
0 -89 168
0 -114 175
0 -62 156
0 -23 186
2 14 -10
0 -43 178
1 24 -189
1 144 -174
0 -52 180
2 -8 15
0 -5 187
1 80 -177
0 -9 189
1 70 -180
2 1 8
1 80 -179
1 112 -190
2 -6 17
0 -106 175
0 -86 188
0 -22 177
0 -40 195
1 86 -175
0 29 191
1 88 -177
2 -7 13
1 90 -168
2 12 -2
0 -66 154
2 -15 12
2 -6 22
1 49 -170
1 19 -195
2 12 -4
2 -6 -1
2 5 -8
1 57 -170
0 -159 193
2 -7 2
1 48 -181
0 -119 187
0 -48 179
2 -9 12
1 -24 -175
0 -41 174
0 5 190
2 17 3
1 35 -177
2 10 6
0 -13 192
1 2 -183
2 -11 15
0 -46 176
2 7 8
0 -93 164
2 -15 -13
2 -10 9
0 51 176
1 16 -182
1 56 -156
2 -7 -2
2 1 7
1 93 -182
2 3 -3
1 13 -176
0 0 177
2 9 -3
2 7 -14
0 -81 206
2 0 -3
0 -104 195
0 -26 186
2 -5 -1
0 -75 187
2 5 1
0 -106 174
2 -5 -1
2 -8 -21
2 14 -13
2 5 6
1 14 -188
0 -29 171
1 1 -182
2 -8 5
2 14 13
1 20 -174
1 72 -177
1 67 -191
1 18 -73
2 14 -14
1 58 -199
0 -29 177
2 0 3
2 4 8
0 -21 174
1 31 -182
2 1 -2
0 -122 173
1 83 -186
1 66 -191
0 -37 170
1 -3 -190
0 -62 175
0 17 172
1 87 -196
0 34 186
2 -14 -16
1 96 -182
1 41 -184
1 18 -168
2 -15 -26
0 4 178
1 59 -180
0 -64 180
2 -12 -3
0 -37 170
0 -114 173
2 12 -18
2 -11 8
2 -7 -6
2 1 4
2 -17 -4
0 9 187
1 52 -178
1 -26 -182
1 57 -176
0 -65 191
1 22 -161
2 15 16
2 8 16
1 -9 -203
1 54 -178
0 -54 176
2 5 -2
1 38 -181
2 -9 -10
0 -111 179
2 -2 13
0 30 172
0 -70 195
1 25 -178
2 -20 -2
2 -8 1
0 -118 166
0 -121 179
0 -71 179
2 -11 11
1 46 -169
2 -19 12
0 -37 193
2 -1 5
1 13 -178
0 -24 159
1 -25 -186
1 141 -168
0 -157 165
2 -9 -9
1 -62 -186
2 -1 10
2 20 2
2 -3 -11
0 -14 167
1 74 -172
2 4 -4
2 -9 9
1 76 -187
2 2 -1
2 8 -10
2 2 3
1 99 -182
0 -84 168
2 -2 -24
2 4 4
1 -40 -184
1 -21 -172
2 -3 -1
0 -93 189
2 3 -8
0 -58 180
1 24 -162
0 -71 184
2 6 20
2 8 -7
0 -79 189
1 63 -169
2 17 9
0 -46 156
2 -9 -9
0 -13 172
1 151 -186
2 11 -25
1 125 -167
2 -1 14
1 81 -176
1 4 -183
0 -124 169
0 -13 181
0 -153 188
1 92 -161
1 65 -191
0 -78 174
1 115 -166
1 16 -178
0 -28 182
1 72 -177
0 15 173
2 25 11
1 11 -183
0 -83 191
2 10 -7
2 -16 8
1 83 -160
0 -22 168
2 3 20
1 103 -189
2 -15 7
2 -9 -9
2 -8 -13
2 -9 0
0 -82 196
0 -21 194
2 9 9
2 7 6
1 80 -194
2 1 0
1 103 -166
1 113 -219
1 -15 -189
2 -9 1
2 -2 -2
0 -64 191
1 -13 -170
0 -73 166
1 90 -188
0 -14 183
0 -158 201
0 5 194
1 -31 -191
0 18 184
0 -78 182
2 -22 8
1 12 -191
2 -10 1
2 -16 -2
2 -10 1
0 -64 166
2 7 2
1 12 -171
0 43 173
2 6 7
2 5 5
2 4 14
2 10 -2
1 61 -172
0 -81 182
0 -38 204
0 -96 166
2 -4 0
2 -13 -13
1 9 -181
1 105 -176
2 -3 -9
1 -19 -190
1 46 -182
0 -89 161
1 32 -182
0 -9 167
1 175 -170
1 51 -189
0 -162 180
0 -62 187
0 -164 200
1 -27 -195
0 55 174
2 -5 -3
1 138 -171
0 -98 196
2 13 -13
1 44 -188
1 54 -186
2 -11 4
0 -52 190
0 -124 156
0 -2 181
2 1 4
0 6 181
2 -20 8
0 -119 176
1 -10 -181
1 56 -192
0 5 193
2 27 13
0 -96 166
1 93 -190
1 -3 -184
0 26 188
2 16 -13
0 -3 193
0 -49 178
2 -3 -7
2 -5 11
1 43 -179
0 -44 170
2 -16 7
1 55 -187
2 13 6
0 -46 177
0 -47 169
0 -74 180
2 0 -4
0 -22 176
1 0 -180
0 -75 178
0 -105 192
0 -25 168
0 -49 155
1 56 -187
0 16 180
0 -48 183
0 -71 168
1 -16 -193
1 -9 -164
0 -15 195
1 199 -182
0 -24 194
0 -103 191
1 42 -188
2 0 -4
1 105 -181
1 93 -181
1 17 -174
0 -47 169
0 -50 167
1 7 -175
0 -9 173
0 -79 186
0 -34 176
2 7 -3
0 -42 178
2 -4 1
2 -11 -4
2 -5 7
2 5 0
2 0 -6
1 151 -179
0 -42 164
0 -76 186
1 -8 -170
0 -93 169
1 118 -174
1 -30 -190
2 9 20
0 -31 174
2 -2 5
2 5 15
1 37 -191
1 157 -157
0 -79 177
0 -98 161
0 74 202
2 -6 -15
1 121 -157
2 10 -14
0 0 189
0 -52 177
0 -99 183
2 -3 11
2 -3 -7
1 62 -176
0 -4 179
1 86 -179
2 -7 9
0 -64 184
0 89 194
2 13 -3
0 -29 178
0 -7 184
1 9 -194
1 95 -175
1 15 -185
1 83 -196
1 -67 -166
2 -8 5
2 -1 -12
1 97 -179
0 -55 183
2 2 1
0 -12 193
1 79 -193
1 -57 -190
0 -84 182
2 -212 7
2 -37 -24
2 -3 11
2 -8 -6
1 12 -186
1 -13 -183
2 -2 -2
1 64 -180
0 -66 180
1 88 -204
2 6 268
2 -1 2
1 139 -178
1 19 -182
0 -70 177
0 -24 165
1 79 -185
2 2 -7
2 1 3
2 -3 2
2 -12 20
0 -6 154
1 51 -186
0 -85 198
2 10 -8
2 0 -9
2 -8 14
1 136 -186
2 4 -21
2 0 -16
2 18 -1
0 -25 169
2 8 -2
1 0 -188
1 52 -172
2 2 -3
1 -12 -187
1 29 -186
0 41 180
0 -122 162
1 -4 -164
2 15 -10
2 4 20
2 4 -11
1 123 -179
2 -8 5
0 -1 188
2 -20 0
1 63 -178
0 35 195
0 -83 176
2 -7 3
0 -74 191
2 -2 -8
0 32 178
2 6 7
2 12 -10
0 -31 176
0 -30 177
1 106 -187
1 45 -181
2 -17 -4
2 8 -16
1 121 -168
2 12 -1
0 9 201
1 56 -170
2 -31 4
0 -74 166
0 -18 183
2 -9 1
1 17 -180
2 -8 7
1 20 -187
0 -66 172
0 -91 170
0 -134 189
0 5 170
1 130 -171
1 49 -175
0 -60 189
1 -32 -174
2 1 1
1 66 -188
1 89 -173
2 -6 6
0 -109 157
0 -15 188
1 55 -176
0 -51 188
2 0 -6
2 -16 9
0 -18 191
0 -44 181
0 -77 197
1 103 -176
0 -82 187
0 -29 182
1 93 -181
1 67 -188
0 -10 186
0 -103 166
2 -5 4
0 12 198
2 5 2
0 -5 179
1 8 -179
0 -46 170
1 78 -182
0 -76 191
2 11 -8
2 9 -17
0 -44 187
2 -16 6
1 -21 -186
0 -68 185
2 10 -2
0 -71 175
2 7 4
0 -41 164
1 54 -186
0 -4 170
0 17 197
0 -109 173
0 -4 177
2 12 21
2 0 -1
0 -98 174
0 -23 163
2 -8 20
1 25 -162
2 -7 -8
0 -37 184
0 -129 178
2 -9 -3
1 91 -176
2 -8 4
0 -104 183
0 -66 170
1 50 -186
1 30 -197
1 30 -201
2 -10 -1
1 16 -187
2 -10 12
1 -9 -192
0 -12 167
1 181 -178
1 73 -177
1 18 -195
0 43 171
2 -5 -1
2 8 -9
2 12 -18
0 -97 165
1 5 -186
0 -69 171
1 44 -170
1 97 -180
1 -6 -183
2 6 -27
1 18 -202
0 -96 163
0 14 187
1 30 -160
1 41 -177
1 16 -170
2 -1 13
1 0 -178
2 5 -12
1 8 -195
1 18 -172
0 -38 179
0 46 173
1 14 -182
0 13 175
2 -21 12
1 47 -186
1 106 -171
0 -83 190
1 -12 -195
1 84 -173
2 1 -4
2 0 1
2 0 17
1 18 -187
1 95 -170
0 16 155
0 -60 176
1 55 -186
0 23 192
0 -105 181
2 -6 9
0 -38 175
0 -63 173
0 -19 169
0 -43 180
0 -61 182
1 60 -180
1 4 -199
2 -8 -6
2 0 4
2 -15 3
1 143 -161
2 -11 -3
1 63 -172
1 76 -179
0 -118 191
2 -4 -2
2 4 -1
2 -3 -2
1 86 -186
0 -71 162
1 27 -179
1 3 -171
1 30 -190
2 6 -1
0 -65 183
0 -21 159
1 91 -180
1 106 -178
0 -5 172
0 -20 183
1 55 -182
0 -98 171
0 -32 172
0 -65 180
1 -5 -163
0 -62 178
1 32 -189
2 7 25
1 23 -174
1 96 -179
2 -17 5
2 -1 2
2 9 1
1 88 -174
0 -16 188
0 26 186
1 126 -169
0 -69 183
1 44 -184
0 -7 195
1 8 -185
0 -57 175
2 11 -9
2 0 12
1 51 -182
0 -33 200
2 6 -2
2 -1 8
1 33 -186
0 67 173
0 -19 174
2 -4 6
2 -3 -7
0 -48 179
2 6 -6
2 0 2
1 63 -183
0 -128 168
2 -6 7
1 65 -188
2 -19 16
0 51 189
2 -6 -7
2 -1 13
2 -3 -6
0 73 169
2 10 7
2 5 2
0 -75 158
1 92 -180
1 18 -181
1 11 -170
0 -52 177
1 -51 -170
1 40 -173
1 81 -169
1 13 -192
2 -7 2
1 45 -193
0 -43 172
0 -61 177
1 26 -180
2 1 -6
2 -6 2
2 -9 -4
1 6 -183
1 48 -169
2 -4 10
1 33 -177
2 -11 12
0 -48 180
2 -9 -6
2 -6 -5
1 96 -177
0 -82 165
1 -12 -181
1 34 -182
1 64 -165
1 75 -195
2 -6 -8
2 0 1
1 129 -184
2 -8 -4
1 95 -193
2 -20 11
0 -18 183
2 18 -3
2 7 5
2 -4 7
0 -118 181
2 -8 4
2 -4 -5
0 -9 183
2 0 0
0 -120 167
0 23 165
1 65 -186
0 -13 175
0 -51 190
1 28 -173
0 -154 189
0 -18 174
0 -79 172
2 -19 9
0 -7 193
1 -69 -190
1 63 -179
2 -13 7
2 -11 4
2 16 1
1 65 -188
0 -41 161
0 -21 177
2 12 9
0 -105 184
1 80 -187
0 -29 172
2 -1 17
0 -43 188
0 -34 195
2 -18 -6
0 -36 173
2 -2 -11
0 -42 181
1 27 -193
1 13 -173
2 14 0
2 -10 -11
0 -127 192
2 1 1
1 -28 -184
0 -55 196
1 -15 -172
2 14 0
0 -116 183
1 61 -160
0 -137 180
0 -110 179
1 34 -181
0 2 172
2 -9 5
2 -14 -1
1 65 -166
2 13 13
0 -134 196
0 -110 186
0 -129 180
0 10 177
0 58 181
1 129 -175
1 50 -190
0 27 163
0 18 180
1 26 -175
1 113 -179
0 -29 191
1 34 -172
2 -7 -10
0 -138 162
0 -27 178
2 -20 13
0 -92 184
2 -13 0
1 33 -187
2 1 -4
0 -58 193
0 6 179
2 -13 -15
0 -22 183
1 -38 -195
0 -69 169
1 65 -185
1 54 -153
2 7 -20
1 -26 -181
1 30 -181
1 115 -199
1 98 -187
2 5 -11
0 -45 183
2 0 -17
1 25 -181
2 9 -9
2 -17 7
2 -13 -2
1 63 -165
2 23 -3
1 -57 -183
2 8 -11
0 -66 173
0 -91 186
1 99 -185
0 -124 184
2 1 8
1 71 -187
2 0 2
0 -20 159
0 20 195
1 -14 -183
0 16 180
0 -34 172
0 -59 177
0 24 185
0 28 169
2 19 15
1 29 -177
0 24 168
0 9 173
0 -46 184
1 31 -160
2 2 6
0 -88 178
0 -175 193
1 95 -191
1 58 -183
0 -104 190
0 -25 186
0 -105 190
2 25 5
2 -15 11
2 3 4
1 71 -156
2 23 0
1 49 -195
0 -31 178
0 89 182
1 73 -194
1 34 -181
0 42 205
1 18 -177
1 63 -165
0 -56 172
1 43 -191
1 132 -179
0 -47 170
0 -126 175
2 6 0
0 5 192
0 3 173
1 88 -185
0 -67 190
1 60 -178
1 102 -171
1 153 -188
0 -136 181
2 1 7
1 89 -178
1 2 -181
1 48 -193
0 -44 169
1 23 -169
0 -43 178
0 -135 166
0 -103 185
0 -49 173
2 6 -3
0 -68 169
2 -1 -5
1 79 -173
2 5 -20
1 64 -171
0 -7 188
2 -7 20
0 -41 186
0 -110 179
1 -26 -194
2 17 0
0 -30 178
0 -93 179
0 -19 191
1 94 -203
2 -23 6
1 92 -187
2 -13 7
0 35 184
2 5 -3
2 -1 9
0 -108 187
2 -12 18
2 1 2
1 46 -175
2 -1 3
1 35 -204
2 -2 -2
0 -65 186
2 15 1
0 -65 179
2 3 9
0 -46 173
2 16 14
1 74 -170
2 16 -14
2 -29 -11
2 -15 -3
0 2 179
0 -105 169
1 63 -178
2 -7 4
2 7 3
0 12 177
2 -14 1
2 9 -8
2 2 5
0 -54 197
0 -49 195
2 8 -2
1 46 -192
0 12 196
1 65 -151
0 -111 189
0 -54 193
2 -2 0
2 14 4
0 50 182
1 22 -194
2 -4 -2
2 0 4
0 -38 161
2 9 -5
0 -56 183
0 -47 193
2 -17 4
1 -38 -180
2 -12 -20
0 -40 160
2 -16 17
2 8 -6
2 -18 24
1 60 -171
0 -116 176
0 -67 173
1 107 -178
2 -6 -10
1 56 -179
2 -23 11
2 -18 7
1 38 -198
2 -17 -23
1 -24 -192
1 92 -175
0 -62 165
0 -35 170
2 0 8
0 -56 171
1 -16 -176
2 -8 -19
2 -11 -1
0 -87 168
0 -15 181
2 6 3
1 90 -185
1 57 -175
0 27 183
0 -10 182
1 70 -198
1 53 -190
0 -107 173
2 3 -13
2 -13 -7
2 19 -10
0 -91 182
2 8 -1
1 9 -175
2 -4 -18
0 -106 174
0 -20 192
1 -8 -174
1 4 -190
0 -72 170
0 -90 187
2 9 -13
2 12 -8
0 -86 190
0 -107 183
0 -61 183
1 44 -172
0 -18 180
0 -35 185
1 144 -181
2 -5 0
2 1 5
1 25 -176
2 2 -4
0 -55 180
2 -2 14
1 50 -191
0 -51 189
1 13 -186
1 -9 -183
1 102 -166
2 -9 8
2 4 -8
1 153 -190
0 -133 208
0 -82 178
1 114 -175
0 -53 169
2 5 10
0 -70 168
1 61 -151
2 -7 5
1 95 -189
0 -110 182
2 -5 3
2 -7 -10
1 68 -175
2 -3 16
2 -15 0
1 116 -181
0 -31 185
0 -46 179
2 12 12
2 -1 0
0 -68 169
0 -43 176
2 -1 4
1 77 -178
1 10 -182
0 -87 187
1 42 -181
1 76 -177
0 -58 157
0 -68 178
0 -10 191
1 102 -196
0 42 179
1 47 -175
2 15 -10
0 -52 183
0 -22 186
0 -65 188
1 138 -187
2 -12 4
0 -14 178
0 38 174
0 -115 156
0 36 192
1 98 -173
1 6 -174
1 70 -167
1 33 -173
0 -50 179
1 23 -191
0 -150 197
2 11 -1
2 1 -2
1 50 -170
0 102 183
2 -12 7
2 -3 -7
1 -14 -168
2 -21 6
0 -69 190
0 -72 183
0 -113 181
2 15 3
2 -2 -11
2 9 -11
0 -33 180
0 -57 170
2 -3 -28
0 -90 176
0 -13 193
1 79 -185
0 38 163
0 1 188
1 38 -184
1 69 -179
0 17 180
1 69 -195
0 -21 185
2 -1 -1
1 34 -170
2 15 5
2 -20 11
2 0 9
1 73 -178
0 -50 195
2 7 7
2 -6 -2
0 -31 183
2 -11 10
2 -5 2
2 -1 12
0 -56 179
2 3 2
1 40 -179
0 -43 187
2 22 9
2 20 10
0 -124 175
2 -6 -15
2 -1 3
0 -39 184
2 9 -6
1 52 -182
0 -38 186
2 -4 -10
1 -4 -157
0 -45 180
1 46 -175
2 -2 2
2 -4 1
2 2 1
1 -7 -180
2 -12 -5
0 14 188
1 94 -194
0 12 174
2 3 -3
2 10 10
2 -3 -1
1 129 -182
1 90 -207
0 -195 176
1 89 -178
2 -24 8
0 -4 185
1 16 -161
2 6 -10
0 -97 210
1 80 -178
2 14 14
1 86 -180
1 60 -179
0 -35 183
0 2 169
0 -31 183
1 -33 -175
2 -3 -6
1 1 -180
0 -8 200
2 6 7
0 -20 181
1 93 -174
1 89 -173
0 37 177
2 1 -1
2 -19 -6
1 -22 -176
0 -166 175
2 -3 9
0 -105 159
0 4 181
2 -2 -6
2 4 -8
1 7 -175
1 36 -180
1 133 -183
0 -135 178
1 44 -168
2 0 -6
1 77 -181
2 9 14
2 11 -5
2 3 -9
2 17 8
2 -5 -3
1 75 -182
2 4 -1
0 -90 190
0 -147 196
1 77 -182
2 -16 11
1 62 -192
0 -16 161
2 -15 3
1 104 -173
2 -6 2
0 -16 184
2 -3 18
0 -117 190
0 -27 191
2 -5 6
0 -72 176
2 -11 14
1 67 -167
1 14 -192
0 -52 196
0 -118 190
0 -168 181
1 84 -181
0 -36 187
0 -86 171
2 12 9
2 0 -3
0 -35 171
1 -20 -188
1 145 -202
1 99 -195
0 -63 187
1 58 -183
2 -2 13
2 7 5
2 12 0
2 12 5
0 2 178
1 53 -183
0 49 179
2 21 13
1 37 -176
1 -7 -189
2 -24 7
1 147 -190
1 25 -182
0 0 184
2 7 9
0 -47 184
0 30 183
0 -115 174
2 -5 -6
0 -47 184
1 41 -183
2 -6 10
0 36 185
1 10 -194
0 -62 186
1 69 -195
0 9 179
2 -12 -12
2 21 3
0 -73 180
2 -7 -8
0 -47 174
1 -12 -203
0 -39 176
0 -11 194
0 -97 173
2 -1 15
2 -4 28
0 -69 186
1 160 -180
2 -16 10
1 94 -193
0 -112 160
1 58 -188
1 19 -191
1 22 -186
1 116 -186
0 -108 173
1 90 102
0 -64 179
1 20 -177
1 28 -175
0 -95 170
0 -44 189
0 -17 178
0 -69 184
0 -43 178
0 5 169
0 -17 189
1 44 -159
2 -3 -8
2 -8 -8
0 -116 183
2 12 -1
0 -35 206
2 -10 -17
0 -11 190
2 -7 3
0 7 181
1 -63 -183
1 34 -174
1 57 -171
2 10 -5
0 -64 165
0 -14 188
2 2 9
1 40 -172
0 -40 174
2 5 9
1 94 -188
1 89 -192
1 75 -180
2 -5 -3
1 19 -187
0 -72 177
1 92 -173
0 -55 192
2 -5 -4
1 9 -157
0 -92 167
0 -21 162
0 -18 189
0 -49 168
1 98 -174
2 -3 -7
1 42 -192
2 -3 -2
0 -133 185
0 -55 162
1 96 -172
2 4 5
1 26 -163
2 -6 -246
0 -109 182
1 41 -163
0 -6 181
0 -71 194
0 -90 166
1 105 -179
2 -4 5
2 7 25
0 -12 191
1 -5 -183
0 -78 171
1 109 -171
2 4 -1
2 1 17
1 143 -170
0 49 162
2 20 -2
2 14 -8
0 16 190
2 -9 0
1 120 -173
0 -206 175
0 -24 191
2 -9 15
0 -6 187
1 8 -177
2 -3 -4
0 -77 190
2 -2 -10
0 -39 175
2 6 10
1 20 -201
1 127 -171
2 10 -4
2 12 25
1 20 -173
0 -48 162
1 23 -193
2 7 0
0 -55 187
1 71 -165
0 -66 183
0 -104 161
0 12 183
1 83 -197
1 -30 -170
1 127 -181
0 288 171
2 -9 12
1 -51 -181
1 50 -191
0 -43 191
0 -105 162
0 -42 181
2 4 1
2 4 -6
2 5 -5
0 -70 172
2 0 -8
0 -98 182
1 15 -169
2 11 7
1 117 -168
2 9 -1
0 -33 186
2 -15 13
0 -26 167
1 -33 -204
2 -2 -22
2 3 -13
1 74 -181
1 121 -182
2 4 -4
2 -14 0
2 14 -2
1 41 -171
2 6 3
0 -45 194
0 -87 122
2 -7 -6
2 2 -9
2 11 -2
1 96 -174
1 37 -179
2 -3 -19
1 100 -188
0 -20 178
1 -23 -176
0 -21 174
2 21 -11
0 -25 187
2 -3 11
2 3 3
0 -72 189
2 -9 13
0 -52 193
1 49 -175
0 0 195
1 55 -185
1 30 -177
2 4 -4
1 75 -182
1 27 -177
0 -9 190
0 -139 170
0 -22 175
1 9 -177
1 -36 -180
1 70 -184
2 7 -1
0 -112 189
1 11 -185
1 18 -171
1 -23 -184
2 3 7
1 19 -187
1 56 -191
2 -5 -8
1 -1 -173
0 -48 191
1 114 -192
1 114 -192
2 -3 -3
0 -43 177
0 -160 182
2 -23 0
0 -112 163
0 -24 203
1 13 -168
0 13 196
2 -2 -2
0 -165 196
2 13 -2
0 -92 171
0 45 191
2 22 -14
0 -33 181
0 -148 178
2 10 -5
2 22 9
0 -48 182
2 3 5
2 3 10
2 -3 16
2 1 0
2 -4 -2
0 -45 179
2 2 11
0 -48 184
2 7 21
0 -4 189
2 23 -5
2 7 -13
0 -42 191
1 113 -179
0 -42 189
2 -7 -9
1 89 -163
1 68 -189
1 46 -207
0 -35 163
2 4 8
2 2 -5
2 -6 4
2 -26 0
2 0 3
2 -13 0
2 10 -15
1 103 -189
2 4 -9
2 -276 5
0 -34 172
1 35 -169
2 -8 13
0 -91 173
2 10 1
2 -15 11
2 -7 -5
0 -54 170
1 52 -174
0 -28 182
2 -10 -9
1 1 -175
1 69 -176
0 -109 180
2 1 -10
0 -85 186
1 -8 -182
0 -80 166
0 -36 192
1 83 -165
1 92 -172
2 3 4
0 -50 185
2 -14 -4
1 68 -177
2 1 7
0 -26 162
1 79 -189
0 -13 166
0 13 214
2 -25 -8
0 -58 187
1 61 -177
2 -10 15
1 19 -191
0 36 63
2 10 29
2 16 -17
0 -65 188
2 16 -5
2 5 4
2 -9 -9
1 34 -173
2 -2 6
0 -73 168
0 -94 172
1 103 -166
1 111 -176
1 79 -168
0 -28 184
1 83 -196
0 -78 188
0 -100 189
0 -92 177
1 61 -183
1 39 -188
2 8 13
2 -14 16
2 -6 6
0 3 192
2 -12 -3
2 -7 13
0 2 183
1 34 -187
0 -115 177
0 -34 170
0 -30 173
0 17 192
0 -63 168
2 0 2
1 1 -179
2 6 -2
1 -22 -168
2 3 -1
1 145 -181
1 62 -175
1 77 -172
1 89 -185
2 8 -2
0 -92 170
2 3 -16
1 49 -173
1 61 -162
0 -35 197
0 -157 184
1 122 -184
0 -6 173
1 -1 -170
1 9 -180
0 -31 170
1 79 -166
2 -3 0
0 40 177
1 -18 -187
1 1 -192
1 149 -189
1 2 -175
1 45 -175
2 8 -8
0 -5 195
0 -33 183
1 43 -186
1 81 -171
1 -3 -173
0 -112 187
1 101 -184
1 1 -175
2 -21 -7
1 50 -191
2 2 -5
1 67 -182
2 -6 6
1 108 -181
2 -19 9
1 -1 -184
1 -3 -177
1 7 -175
1 90 -196
2 18 -6
1 63 -192
0 -103 186
2 8 10
2 10 -10
2 -15 -4
1 31 -173
0 -56 181
2 -11 -11
2 10 25
2 -20 -13
2 -2 -1
1 64 -177
1 14 -170
2 13 -1
2 -19 13
0 -51 180
2 -2 -5
1 60 -187
2 6 14
1 30 -186
0 -27 183
1 76 -181
0 8 185
0 -45 181
0 -31 182
1 69 -183
2 -5 -7
2 -10 -10
0 -19 173
2 -15 4
1 65 -160
0 -8 165
2 -17 24
0 -66 188
2 1 14
1 172 -178
2 4 -12
2 12 5
0 -79 181
2 -8 4
2 -7 -5
0 -104 164
1 72 -190
2 -4 15
2 -13 -5
0 3 180
2 126 -6
2 5 12
2 3 -15
1 39 -194
1 21 -180
0 15 180
2 3 -113
0 -159 169
1 85 -196
2 2 0
1 51 -192
2 0 4
2 6 -7
0 -38 174
1 21 -167
2 -2 16
2 -6 -8
2 3 5
1 66 -191
1 63 -175
2 14 -6
0 9 180
2 -5 7
1 57 -192
0 -114 207
2 -4 8
0 9 189
2 3 6
1 24 -189
0 -67 198
1 65 -3
2 -8 0
2 8 -12
1 33 -178
1 6 -183
2 -8 16
0 -67 183
2 -5 -8
2 -11 -22
0 1 187
0 -72 181
2 -3 0
2 0 4
1 25 -176
2 -3 5
0 -37 177
1 136 -180
2 4 -12
2 -8 -16
1 62 -160
2 -10 8
1 -36 -177
0 -126 192
0 -111 174
2 -7 -2
2 5 3
1 -64 -191
0 15 183
2 12 -11
0 -102 186
2 1 -17
0 -64 173
2 -13 -15
2 8 11
0 -73 178
2 -13 2
0 -33 170
2 0 -22
2 5 1
1 29 -171
0 -38 181
0 0 183
0 -24 191
1 49 -185
0 -91 175
1 75 -164
0 -117 177
0 -28 173
2 -6 -15
0 -51 184
1 15 -187
0 -35 175
1 39 -189
0 -21 172
1 14 -183
2 -31 -6
0 -9 162
2 1 21
2 14 1
1 41 -171
2 -4 1
2 10 -15
2 -13 -9
2 8 -1
0 -104 204
0 -70 169
0 -93 184
2 16 -3
1 60 -197
2 -2 -2
1 77 -190
0 -66 185
2 2 5
2 -22 1
2 0 9
1 -26 -185
1 77 -182
0 -93 171
2 -2 2
0 -40 176
2 -13 6
1 -21 -168
2 4 -1
2 -13 -1
1 99 -182
1 25 -182
2 18 -12
1 8 -191
2 15 -12
2 6 18
2 -2 6
0 -24 176
0 -52 173
0 -64 181
0 -120 30
1 7 -183
2 -2 -12
1 78 -189
0 -20 187
1 62 -178
2 0 -4
0 -11 189
1 16 -192
2 -5 -15
2 -8 -9
1 39 -173
0 -53 176
2 6 -6
0 -14 160
0 -43 178
2 -10 10
2 6 -1
2 -4 5
0 -36 186
2 15 4
1 -5 -186
1 58 -183
1 102 -175
0 -33 178
1 52 -166
0 65 179
2 0 -5
2 -2 20
2 -22 1
0 -22 187
2 8 -9
0 -26 180
1 128 -181
2 4 6
0 -49 183
1 45 -176
0 -122 182
0 -15 184
1 27 -180
2 6 7
0 -14 182
1 20 -172
0 32 184
2 3 -11
2 -9 21
2 1 -9
2 -5 -2
2 -3 6
0 -75 192
1 113 -176
0 23 185
2 -5 10
0 -130 169
0 -119 182
2 12 1
0 -74 181
0 -87 182
0 43 199
0 15 186
1 35 -165
0 -68 195
2 9 -7
1 20 -198
0 -50 171
2 -11 -9
2 -5 4
1 160 -181
2 -22 -22
2 6 5
1 54 -185
0 -81 170
0 50 172
1 -18 -191
0 -101 187
1 -12 -191
2 -5 2
0 -52 173
0 -64 189
1 141 -187
1 -7 -186
1 26 -186
0 -24 174
1 15 -190
1 83 -180
0 -57 180
1 67 -171
2 8 16
2 7 -4
1 80 -199
1 59 -175
0 -51 178
1 99 -183
2 -10 8
2 -12 -3
2 -9 1
0 -161 176
1 63 -172
0 -17 172
2 -1 7
1 123 -162
2 4 -4
1 -23 -181
2 -4 0
2 5 -19
1 65 -197
1 0 -182
2 -2 -3
2 -10 -7
2 6 3
1 30 -180
1 46 -172
2 13 -10
0 10 175
2 -5 10
1 25 -187
1 49 -189
0 -23 175
0 56 175
0 -48 162
0 -162 163
0 14 182
2 9 14
0 -35 180
2 -2 1
1 -4 -183
2 8 4
0 -7 165
0 -168 177
2 1 16
2 -9 -9
1 -3 -184
1 86 -181
2 0 14
2 -269 24
1 15 -187
1 98 -191
2 4 -3
0 -120 191
2 18 8
2 1 17
2 0 4
0 -136 181
2 -4 7
2 8 2
0 -127 186
0 93 165
2 7 -2
0 -54 186
2 6 7
0 -33 169
1 114 -184
2 -6 -17
1 -22 -189
2 23 1
1 38 -197
1 42 -171
1 21 -175
2 0 14
0 -68 181
0 0 192
2 -16 -7
0 -41 185
2 -4 5
1 -140 -185
2 17 -4
2 3 13
2 11 6
0 -72 187
1 52 -163
1 27 -186
2 7 8
0 53 183
0 -69 171
2 17 -2
1 94 -177
2 -7 12
2 2 14
0 1 185
0 -115 184
1 64 -178
2 16 9
1 44 -175
1 23 -182
1 135 -188
2 0 -9
0 -63 180
2 -6 -1
0 -38 198
0 7 185
1 62 -167
0 18 186
1 92 -171
0 -41 165
2 -15 3
1 70 -192
0 3 176
0 5 172
0 -2 178
2 -5 1
2 -1 -3
1 33 -161
0 -44 175
2 0 -17
1 23 -178
2 -14 9
1 102 -173
1 6 -182
1 1 -191
1 -29 -180
0 -75 167
2 -7 -2
2 -5 0
2 3 -10
1 46 -182
1 30 -192
0 -56 182
0 -23 175
0 -20 186
1 11 -184
2 -4 12
2 11 0
2 -4 12
1 57 -183
0 -42 163
0 -98 173
1 -30 -189
0 -80 171
1 -18 -191
1 29 -185
0 -71 171
0 53 189
1 46 -177
1 84 -178
2 -3 -13
2 1 10
1 27 -183
1 13 -174
0 -57 189
0 -131 186
1 102 -177
2 -5 6
2 4 -13
2 7 -1
2 2 0
2 13 6
1 32 -166
2 -3 0
2 -6 -2
1 38 -171
1 33 -168
1 19 -156
1 50 -195
1 122 -192
1 83 -180
2 -5 10
0 53 184
1 59 -184
0 -47 201
2 8 16
1 55 -171
2 -11 10
0 -57 187
1 30 -197
1 45 -173
0 -56 174
1 86 -190
0 3 180
1 61 -176
0 -147 181
1 35 -183
0 -80 174
2 15 -2
1 84 -175
1 49 -172
1 36 -189
0 -32 183
1 -4 -173
1 85 -188
0 -121 196
0 4 180
1 -80 -191
1 15 -193
0 -67 178
1 88 -195
0 -85 174
2 15 0
0 -110 175
2 2 9
1 54 -178
2 -7 9
2 9 13
0 -92 171
0 26 176
0 -85 184
2 0 -6
2 1 -1
0 -80 181
0 -16 187
0 28 183
0 -41 195
1 55 -184
2 -4 0
2 0 -2
0 -32 187
2 7 -1
1 -3 -167
1 17 -181
2 1 -4
0 -84 163
2 13 3
2 -7 -10
0 -88 199
0 -104 176
0 -12 185
0 -129 183
2 -1 9
0 -1 170
1 105 -173
1 -34 -191
2 -4 -22
1 33 -182
2 -10 6
1 -54 -177
1 51 -185
2 -10 6
2 3 -18
2 14 -9
0 24 191
1 42 -164
1 13 -165
0 26 182
0 -115 186
1 51 -182
1 75 -179
1 1 -167
2 1 1
1 47 -177
1 37 -186
1 51 -178
0 -39 191
0 -75 161
0 -146 184
1 50 -182
0 -55 184
2 7 1
2 -4 16
0 -122 162
0 57 171
2 -3 5
1 27 -174
2 -10 7
1 58 -166
1 113 -173
0 -92 182
1 63 -185
1 20 -182
1 78 -167
1 16 -182
1 115 -172
1 38 -174
0 9 216
0 -78 184
1 143 -185
1 23 -185
1 79 -188
2 -6 -12
2 -5 -1
0 -41 148
1 -11 -188
2 21 4
0 -51 173
1 94 -189
2 1 -14
2 -4 20
1 18 -184
0 -67 173
0 -66 177
1 70 -190
2 1 9
1 95 -186
0 19 166
2 35 0
2 1 17
2 -11 -2
2 -3 -6
2 -2 -8
1 60 -174
0 16 168
1 52 -162
2 7 -48
1 76 -196
0 -15 171
0 -85 176
0 -36 177
1 23 -167
0 -25 189
0 -92 164
0 43 175
0 -102 171
0 -54 172
1 114 -171
1 30 -180
2 -7 23
0 -64 171
1 38 -178
1 119 -175
0 -97 183
0 59 183
1 45 -179
0 -134 191
0 -116 171
2 -12 15
1 16 -163
0 -39 190
1 -37 -189
0 -18 179
0 84 163
0 -79 183
0 -137 173
1 74 -179
2 4 13
0 -50 176
0 19 170
1 84 -179
2 -1 -4
2 -9 -4
0 -24 182
1 70 -198
0 -80 174
0 -47 206
2 -4 -1
2 2 -1
0 -91 170
0 -56 160
2 -2 -6
1 -24 -179
2 9 -12
2 -191 9
1 92 -174
1 45 -184
0 -81 173
0 -93 177
1 126 -184
1 -1 -189
2 -16 6
1 51 -193
1 185 -185
0 -35 188
2 -4 22
1 74 -197
2 7 -12
2 0 0
2 -19 -8
2 4 4
0 -160 175
2 -6 15
0 -44 171
0 -95 169
0 -82 187
2 -11 -2
2 1 10
1 12 -163
1 115 -184
2 1 -1
0 -127 178
2 -1 -1
0 -42 173
2 16 6
0 -25 174
2 -3 -4
1 99 -183
1 104 -178
2 7 12
2 -1 6
0 -28 197
1 49 -189
2 15 12
0 -73 182
2 -4 7
0 -109 168
0 -46 185
1 8 -168
0 -10 157
2 10 -9
2 0 7
0 36 185
1 64 -187
2 3 -9
2 15 -12
0 -152 175
1 117 -183
2 -12 7
0 -80 157
0 -80 169
1 81 -178
0 31 195
1 101 -176
1 101 -189
1 91 -194
0 15 182
0 -32 190
2 1 10
2 -2 -2
0 -89 174
1 27 -180
0 -19 187
1 -25 -187
1 37 -184
2 3 3
0 -82 177
0 36 174
2 4 -9
1 78 -178
2 13 -1
2 15 -2
0 -28 168
2 3 -8
1 34 -179
1 54 -181
2 -13 15
2 3 4
0 -84 203
2 -13 -16
2 -5 -1
2 7 6
0 -51 179
1 93 -179
2 -10 -9
2 -25 -1
1 4 -176
1 127 -183
0 -6 183
1 62 -193
2 25 15
1 75 -180
0 -69 178
0 -96 177
1 -7 -186
2 17 -4
2 -7 -11
2 -9 -5
0 32 174
0 -34 187
1 55 -195
0 -101 176
2 -13 4
2 11 6
1 24 -175
2 12 -7
2 -2 3
2 4 -5
2 -18 0
1 18 -175
0 -71 169
1 40 -167
0 -45 191
1 63 -164
1 71 -168
1 -47 -167
2 4 -6
0 -90 165
2 8 7
2 10 0
1 108 -176
1 77 -180
1 56 -185
1 57 -172
0 20 175
2 -3 0
0 -8 195
1 81 -187
0 -61 173
2 12 10
1 -16 -197
0 1 172
0 2 178
2 1 -12
2 14 8
1 23 -172
2 4 -7
2 -10 -8
2 -6 -15
0 -32 190
2 -5 -18
0 -5 176
0 42 192
1 78 -193
0 68 177
1 112 -190
0 -4 171
1 14 -189
0 -89 173
2 1 7
1 40 -196
0 -89 194
0 -1 179
0 -49 179
2 24 -13
2 8 14
0 -10 189
0 -54 166
2 1 0
2 -4 -10
0 -42 195
1 144 -168
0 -73 186
0 -40 161
2 -14 0
1 103 -178
1 53 -195
0 -9 174
1 58 -197
0 -55 169
1 18 -204
0 -99 184
2 2 -10
0 -60 174
2 10 8
2 9 -24
2 3 6
0 -38 188
1 58 -173
2 -1 11
0 -42 186
2 -10 -13
2 6 -9
0 -66 174
0 -133 167
0 -28 158
0 -53 192
1 61 -168
1 77 -181
1 67 -180
0 -161 186
1 78 -174
2 -10 16
0 -94 193
0 -102 184
2 5 6
1 57 -186
1 93 -174
2 -10 -11
0 31 166
0 -5 176
0 -115 179
1 -40 -183
1 50 -211
0 -79 173
0 -59 179
2 -2 6
2 4 13
1 63 -175
2 13 17
2 -4 9
2 -14 -15
2 -5 -15
2 -8 2
2 14 -21
0 -180 190
1 149 -183
1 208 -177
2 12 -20
2 -16 -4
1 78 -190
1 77 -161
1 39 -187
1 59 -185
1 83 -168
1 12 -171
0 17 197
2 -6 -11
0 -19 182
0 -2 169
2 -2 -8
2 6 -10
1 63 -188
0 -125 177
2 -13 3
0 32 184
0 -64 188
0 -2 189
2 13 3
2 -7 -2
0 -60 185
0 -66 183
0 -35 178
0 62 183
1 105 -159
1 83 -180
2 -1 5
0 -58 180
0 57 180
0 -52 177
2 7 0
0 23 162
0 66 180
1 117 -177
1 81 -177
1 96 -175
1 31 -177
1 77 -179
2 1 -8
1 113 -179
2 -4 11
2 -9 -13
2 -4 6
1 5 -175
1 150 -171
0 -43 188
0 -54 191
1 123 -179
1 -5 -190
2 -3 5
1 33 -188
0 -49 183
2 -5 -5
1 -3 -183
0 -12 169
1 23 -185
2 -6 6
0 -71 192
2 14 -2
1 167 -172
1 16 -193
1 83 -172
2 10 -3
0 -92 176
0 -59 179
1 48 -194
2 10 4
1 30 -176
1 43 -175
2 -5 3
1 53 -203
2 19 -1
0 -67 196
2 -13 0
2 14 7
1 -5 -196
2 24 8
2 9 7
0 -29 169
2 2 -7
2 -2 -7
1 -9 -178
0 -70 168
2 2 16
0 50 177
2 17 8
0 -39 192
1 2 -167
0 70 172
0 -124 191
2 8 5
1 61 -195
0 -47 186
1 75 -186
2 8 2
2 -18 3
2 12 8
1 133 -185
1 -26 -195
0 -25 174
0 -160 170
1 32 -168
1 32 -178
2 8 8
0 -99 182
0 26 169
1 118 -191
1 25 -194
2 1 9
1 67 -173
1 19 -192
2 3 -15
0 2 185
1 126 -194
0 -1 178
0 -94 167
0 -64 186
1 61 -183
2 9 -11
2 11 -3
0 -46 186
2 1 -17
1 173 -188
0 -26 181
1 67 -155
0 -62 188
1 93 -184
1 -5 -174
0 -131 180
1 40 -182
2 -6 1
0 -70 185
0 43 172
0 -49 186
2 5 -7
2 0 5
2 2 -6
1 8 -180
1 5 -186
2 1 5
1 114 -189
2 14 5
1 84 -194
1 117 -166
1 67 -176
2 4 21
0 -162 167
0 -106 200
0 -82 168
1 79 -192
1 43 -194
0 -103 192
0 -139 187
0 -71 173
0 24 181
0 11 192
1 142 -170
2 -9 -3
1 80 -172
1 51 -185
0 -41 179
2 -21 20
1 45 -189
2 -6 -13
2 -7 -16
2 -6 5
1 -7 -193
0 15 182
1 -21 -178
1 72 -190
2 -22 -11
2 16 -3
0 74 198
0 -139 189
2 -13 -9
0 -86 191
1 -8 -194
1 81 -199
1 57 -162
1 76 -192
1 56 -184
0 -135 168
0 -45 166
0 -91 198
1 73 -177
2 3 5
1 23 -186
0 -40 184
2 -26 -23
0 25 170
2 -10 11
1 115 -187
1 -51 -169
0 -99 172
2 4 18
0 -45 177
1 -29 -184
0 15 181
2 2 -9
0 28 186
2 -9 -4
1 30 -180
2 3 12
1 80 -163
0 29 210
0 -161 197
1 68 -187
2 11 0
0 -75 174
2 0 18
1 106 -171
0 -67 193
1 15 -187
2 6 10
1 13 -167
2 -6 5
2 -3 -6
1 76 -188
0 -68 178
2 -12 6
2 8 -3
2 -16 -6
0 -70 197
1 8 -199
0 3 182
0 -171 174
2 5 10
0 -59 162
0 -79 179
2 15 1
0 -81 185
0 29 170
2 6 9
0 -91 167
1 12 -172
0 -47 176
2 -6 8
2 2 4
2 7 -7
1 55 -191
0 -42 202
0 -53 172
1 39 -178
2 5 -4
0 24 199
0 -4 191
2 -8 14
1 63 -165
2 -2 -2
1 65 -183
0 -84 172
1 65 -179
0 -55 177
0 -87 180
2 12 5
2 3 -8
2 -6 -11
0 -88 193
1 86 -188
2 -18 -18
1 6 -184
0 -57 181
2 14 -5
0 -102 192
0 -72 186
2 6 4
1 65 -174
2 -10 -7
1 73 -160
0 -90 173
2 -4 -5
0 -16 173
1 8 -179
1 0 -165
1 84 -182
2 9 -2
2 14 2
2 -1 -10
0 -56 177
0 -6 189
2 -3 4
2 -6 -22
2 -3 3
2 -7 12
1 118 -200
0 -55 187
0 -72 187
0 -57 178
0 1 172
2 -3 -13
2 -7 -12
0 -62 189
1 8 -172
1 -35 -180
2 0 -6
0 -19 170
0 -83 177
0 -6 168
2 17 10
2 8 15
2 11 -1
2 -5 -21
0 33 179
1 98 -181
1 13 -183
2 8 13
0 -84 196
1 16 -192
1 36 -189
0 -101 174
2 -3 8
0 -68 181
0 -11 186
0 -78 180
1 84 -180
0 -62 187
2 0 -2
2 15 -5
1 49 -193
2 11 16
2 -5 1
0 -2 187
0 2 175
1 11 -183
1 117 -176
0 -137 203
2 15 0
2 12 13
0 -63 180
2 -2 -2
1 75 -171
0 9 183
1 43 -187
0 -111 181
0 -33 191
1 48 -186
2 12 2
1 155 -163
2 0 -7
2 1 -12
0 -134 173
2 -14 1
1 75 -157
1 77 -177
1 31 -170
0 10 173
1 76 -206
2 -1 7
0 -41 192
2 11 -20
2 -10 6
2 -7 -17
2 2 13
1 35 -179
2 3 -4
1 36 -189
2 -21 -21
2 -6 4
2 -8 5
1 -11 -179
1 49 -178
2 18 -16
2 -3 -12
1 17 -206
2 13 -12
0 11 170
2 17 4
1 98 -193
1 39 -193
2 -8 6
1 62 -205
0 -61 183
0 18 163
0 -63 162
1 -7 -187
1 30 -191
0 12 163
1 15 -186
0 -107 177
2 -7 8
0 -88 173
0 -158 178
1 55 -207
1 31 -192
0 -15 178
2 3 -5
1 29 -176
2 13 7
0 -37 191
0 -73 187
2 8 -13
0 -67 170
2 -19 -4
1 45 -181
0 -124 177
1 71 -165
2 -1 -5
1 39 -171
2 0 5
2 -19 4
1 91 -175
1 8 -184
0 -101 193
2 9 17
1 41 -178
2 5 -22
2 1 -9
2 -17 3
0 -60 202
1 42 -171
2 6 8
0 -60 168
2 -7 -24
0 -79 167
0 -131 176
2 -12 1
1 34 -193
2 -7 13
2 11 11
0 -52 198
1 -13 -182
0 29 172
0 48 170
1 115 -176
2 -13 20
2 -9 -3
1 -64 -176
1 -25 -197
0 -62 161
2 10 -10
0 -86 183
2 1 -2
1 3 -175
1 67 -187
0 -104 185
1 62 -169
0 -39 181
0 -65 180
2 11 -11
0 -122 185
2 -11 -8
2 -18 1
1 13 -180
0 -54 174
2 2 0
0 -75 197
1 79 -182
1 129 -195
1 142 -186
2 -14 -4
2 -4 -6
1 100 -194
2 -21 -15
1 126 -169
1 -1 -155
0 -8 186
1 25 -180
0 -73 186
1 50 -189
1 57 -185
2 1 3
1 110 -175
2 9 -5
0 -59 186
0 -23 171
0 -61 185
2 10 -6
1 70 -181
0 42 177
0 1 181
2 16 -7
2 21 0
1 33 -174
0 -54 178
1 101 -169
1 -13 -177
1 69 -182
0 -63 179
0 -57 179
1 76 -190
0 -89 183
2 -1 1
2 7 -16
0 39 183
2 13 -8
2 -5 6
2 -8 -1
2 8 2
1 199 -178
1 37 -194
0 45 171
0 -73 199
2 -1 -3
1 51 -168
2 -10 -9
0 -17 179
0 -65 180
2 0 -11
2 1 15
2 1 -2
1 -62 -180
2 7 -11
0 -125 190
0 -96 183
2 -4 2
1 57 -175
1 81 -182
0 7 180
0 -97 167
1 64 -175
2 -5 -12
0 14 176
2 -3 3
2 -4 4
2 -11 6
1 15 -179
1 76 -175
0 -28 196
1 58 -183
1 31 -173
0 -29 184
0 -48 183
2 7 -9
1 59 -189
1 62 -191
2 -9 -12
1 -44 -163
0 -87 172
0 -176 185
1 28 -164
0 -117 182
2 -8 -13
2 -14 -7
0 -13 183
1 74 -168
1 69 -170
2 -5 3
2 16 14
1 68 -189
2 -4 -9
2 -2 4
1 105 -188
2 -3 10
0 42 186
0 -34 160
2 -11 -4
2 6 9
1 -16 -181
2 -9 -1
1 102 -180
0 12 199
1 18 -176
1 43 -183
1 -5 -191
0 -86 176
2 -7 12
2 -15 -10
0 -52 171
0 -41 191
0 -52 196
2 16 13
1 69 -171
1 86 -198
2 25 -9
0 -22 187
0 82 175
2 10 -2
0 -28 201
0 -56 174
0 -74 180
2 1 -5
0 -38 167
0 -124 172
2 16 -6
0 -34 193
2 -1 0
1 85 -185
2 1 5
0 -39 187
0 -10 169
0 -45 190
1 81 -192
1 40 -174
0 -121 186
2 -7 -3
1 86 -183
0 67 188
2 -12 14
0 9 188
0 -55 197
1 104 -186
1 11 -184
2 11 -3
0 -37 186
1 57 -178
1 103 -189
2 -5 10
2 3 9
0 -85 180
2 -18 -1
2 15 0
2 -9 -5
2 -12 6
2 7 12
2 -9 -4
2 1 -5
2 -8 -22
0 -37 182
2 15 -6
2 -3 11
0 -49 174
1 115 -177
0 61 176
2 -3 20
1 194 -173
2 -8 8
0 -35 183
2 1 -2
1 86 -207
0 -113 167
0 -52 181
0 23 186
0 -61 187
0 -47 183
2 3 -20
0 -62 171
2 8 -3
0 -44 175
2 22 1
2 5 6
2 -1 7
1 115 -173
2 -1 14
0 28 176
0 -38 185
1 -4 -179
2 26 -5
2 17 -6
2 2 2
1 70 -178
2 2 -5
1 19 -180
1 65 -180
2 9 5
2 -20 7
2 8 -28
0 -78 190
1 83 -190
1 102 -171
0 -25 174
1 14 -166
2 -11 -3
2 3 -7
1 64 -189
2 -11 -2
0 -74 165
1 55 -180
0 -155 176
2 -15 7
1 125 -184
0 -58 179
1 100 -172
0 -60 189
1 97 -161
2 -3 -6
1 192 -190
2 4 9
0 -63 182
1 49 -166
1 20 -175
0 -80 182
0 31 200
1 61 -197
1 -47 -182
1 128 -173
1 34 -182
0 -37 174
2 1 -19
2 -7 7
0 12 187
0 -96 172
0 -119 182
2 -14 -9
0 -93 175
1 174 -188
2 -3 -5
0 -18 170
0 -44 170
1 39 -183
1 25 -188
1 -56 -176
2 16 -17
0 -61 169
0 -62 188
0 -58 178
2 2 -11
2 -4 14
1 -24 -172
1 18 -184
2 4 10
1 71 -177
2 -8 19
0 -6 176
2 -9 11
2 -5 4
1 6 -194
2 -244 1
0 -67 164
0 -72 179
1 107 -166
0 -147 170
0 -114 178
0 -58 173
2 -2 -10
1 46 -185
2 -1 0
0 7 179
2 1 -11
1 -34 -176
0 8 188
0 -91 171
0 -9 185
0 -38 163
0 -2 164
2 1 -20
0 -36 163
1 18 -174
1 22 -175
0 41 186
1 34 -170
1 13 -183
2 12 6
2 -4 5
2 -14 -9
1 13 -173
1 35 -184
1 67 -172
2 0 0
2 14 -11
2 1 -5
0 -174 177
2 -2 13
1 29 -181
2 -12 -4
2 15 -10
1 72 -173
2 3 5
2 -15 17
0 -96 189
2 -9 13
2 1 1
1 86 -194
2 -10 10
0 -132 183
2 -7 8
1 -20 -161
0 -55 177
1 16 -171
1 60 -177
0 -47 176
1 8 -186
1 96 -175
1 48 -177
2 -18 -20
2 2 4
2 4 -16
0 -79 182
0 -6 194
1 35 -189
2 1 11
2 -20 2
0 -17 199
2 5 -11
1 94 -180
0 -79 198
2 3 22
0 -80 184
2 8 -16
1 20 -170
2 19 -18
1 89 -180
2 -23 -3
2 7 5
1 93 -163
1 77 -189
0 -86 183
2 4 5
2 -1 -6
0 24 193
0 -43 181
2 8 2
2 -4 -2
2 -3 -5
0 -19 177
1 58 -195
0 -42 185
1 61 -189
1 36 -196
0 -85 177
1 48 -185
1 104 -179
2 7 -6
1 90 -161
2 4 17
0 -75 189
2 -3 2
2 -2 -4
2 -22 -9
0 -140 188
1 63 -175
2 1 -5
1 123 -179
1 -2 -161
1 29 -182
0 -68 177
2 -19 10
0 25 182
1 -16 -180
1 -4 -185
1 116 -174
2 1 -1
0 -65 183
0 -70 169
0 -57 173
0 -86 183
2 20 2
0 -14 201
0 28 179
0 -92 175
0 -85 182
1 -9 -170
0 -56 184
2 1 -5
0 8 176
1 24 -199
2 -2 -7
0 -7 168
1 24 -201
2 -19 16
2 -9 7
2 -5 -10
1 58 -193
2 -6 3
2 5 -11
1 63 -168
2 7 2
2 6 -19
1 -13 -178
0 -23 180
1 -74 -187
2 4 9
1 153 -162
0 -46 173
2 2 11
1 37 -183
1 -3 -204
0 -61 183
2 -7 20
0 -38 181
2 3 4
1 2 -170
0 -57 173
2 1 -3
0 -6 166
2 1 2
0 -3 182
1 75 -182
0 -127 159
0 -29 186
1 0 -179
0 -63 164
2 17 13
2 2 0
1 36 115
1 111 -184
1 107 -161
1 94 -174
2 12 5
0 -82 177
2 14 4
2 12 7
2 6 3
1 58 -185
0 58 169
1 61 -161
1 113 -185
0 -58 176
0 -13 184
0 -84 184
2 -11 12
2 2 1
2 17 -10
1 -3 -170
1 58 -188
0 -97 161
1 44 -186
2 5 9
2 -1 -5
1 19 -187
1 62 -183
2 0 -19
1 -28 -161
1 150 -182
0 86 183
2 -4 0
1 77 -177
2 3 -11
1 92 -182
2 8 -9
2 3 -9
0 -23 172
0 -138 174
1 150 -180
0 -96 189
1 111 -193
1 8 -161
0 -44 164
2 -16 17
0 22 190
0 13 180
0 -4 181
1 64 -168
1 92 -182
2 -2 10
1 67 -191
2 6 14
2 14 3
2 6 -14
0 -119 185
1 118 -165
0 -69 178
0 -106 179
0 -10 197
2 -13 -4
2 -8 -2
1 65 -194
0 -37 185
0 -104 192
0 -86 178
2 17 1
2 -9 -13
0 -24 184
1 32 -178
1 21 -176
1 12 -170
1 65 -184
1 75 -174
2 -1 6
2 10 6
0 -50 170
2 -2 6
2 22 -15
2 -5 -5
2 15 -5
1 -37 -191
1 16 -156
0 -79 185
1 96 -182
0 10 190
1 73 -172
0 -100 191
0 -16 178
2 4 -3
1 87 -165
2 -5 1
0 -19 176
1 127 -178
1 24 -170
1 21 -191
0 -125 168
0 28 185
0 -52 181
0 -99 192
2 5 -4
1 87 -180
2 12 2
0 -57 171
1 107 -184
2 3 -3
1 79 -197
0 9 191
1 26 -190
1 -12 -177
1 -43 -181
1 14 -188
0 -63 187
0 -19 185
2 12 8
0 -100 186
0 -44 180
2 -11 -7
2 -10 -3
0 9 171
0 -4 167
1 56 -188
1 108 -182
1 58 -192
1 183 -174
0 -64 185
0 -59 166
0 -1 182
1 30 -166
2 7 -18
1 -25 -184
0 -179 173
1 82 -182
0 -62 177
0 -22 159
1 39 -173
1 113 -163
1 72 -188
0 -51 184
2 7 6
0 -103 181
0 -120 180
2 -8 1
2 7 11
0 -65 166
0 -1 182
2 -27 3
0 -48 185
2 2 3
1 83 -173
2 14 -15
2 -25 8
1 75 -177
2 18 8
0 -65 170
1 68 -180
0 -68 183
1 83 -195
1 49 -184
2 -4 16
2 -7 13
1 50 -194
0 -16 162
0 -96 170
1 42 -195
2 23 7
2 -13 20
0 -57 181
2 -1 -6
2 8 0
0 -81 194
1 47 -181
1 -15 -169
0 -63 173
0 -68 176
0 38 169
2 -12 7
2 -15 11
0 -54 188
0 11 192
2 -12 8
2 -19 4
0 -41 188
0 -53 183
1 5 -179
1 55 -182
2 -6 12
2 7 8
0 -65 160
0 -70 176
0 7 171
1 49 -185
0 -62 171
2 -3 -9
1 177 -180
1 22 -198
0 -47 185
2 -16 -2
2 1 13
1 10 -172
2 -3 8
1 96 -177
2 -3 15
1 98 -176
0 -35 189
1 58 -176
0 -25 171
1 80 -189
0 71 178
1 35 -170
2 16 11
1 -8 -184
1 66 -182
1 58 -179
0 -48 174
0 -79 170
1 85 -175
2 -1 -8
2 12 -10
2 16 -11
0 17 175
1 119 -181
2 -1 8
1 56 -181
0 -44 190
0 -9 173
2 -7 3
0 -67 168
1 62 -169
2 -2 6
2 10 4
2 2 6
1 103 -184
0 55 183
1 53 -182
1 -13 -164
0 -37 174
2 20 -14
0 -78 175
0 -74 163
1 28 -183
0 -85 166
2 1 -8
2 -10 2
1 123 -175
1 85 -178
2 7 8
2 -11 -4
0 -50 175
2 -7 3
1 102 -184
1 56 -201
1 -3 -186
2 -7 12
0 -80 192
0 -54 192
0 -71 173
2 1 10
0 -59 156
0 -12 197
1 79 -189
2 8 2
0 -29 165
0 -11 195
2 4 -1
2 -7 -9
1 24 -194
1 -23 -183
1 70 -173
0 -49 183
2 1 -13
0 -42 175
0 -108 170
0 -116 180
2 14 -2
2 0 -7
1 6 -201
0 -125 169
0 -133 180
1 59 -193
1 49 -174
2 -1 -4
2 -15 8
0 -33 173
2 5 18
2 3 -9
1 -110 -172
2 6 -7
1 6 -183
2 -5 19
1 -31 -186
2 -2 -17
1 9 -170
0 -18 178
1 32 -173
2 12 -10
1 73 -189
1 80 -192
2 8 2
2 -5 27
1 16 -190
0 21 187
2 -3 -31
1 42 -178
2 4 -4
0 -18 183
0 19 191
0 -32 171
0 -32 190
1 -48 -178
1 -11 -181
2 -6 -6
1 85 -189
1 27 -176
1 76 -172
0 38 195
2 -6 1
1 102 -186
0 54 171
0 40 179
1 -42 -185
2 -2 3
2 2 -12
0 -58 186
1 66 -182
2 -14 -12
1 -9 -187
2 3 -20
2 -9 -4
2 -1 -17
0 -48 186
2 16 -8
0 -42 181
2 3 10
1 54 -195
1 -20 -172
2 -20 -9
1 37 -194
2 18 -1
1 21 -170
2 -4 -19
2 -4 -3
0 -86 190
0 -72 185
1 107 -185
1 82 -181
0 -59 184
1 -6 -173
1 130 -168
2 7 15
2 -5 19
2 3 17
1 151 -178
2 9 -12
0 23 176
1 51 -174
1 28 -173
1 64 -168
0 -67 180
2 4 7
0 -58 191
2 -2 4
2 -7 21
1 79 -170
1 38 -182
0 -83 178
0 -56 172
1 57 -192
0 13 172
0 41 191
2 -1 15
0 -170 183
2 -18 -13
1 154 -191
0 -109 194
1 91 -188
1 95 -168
1 55 -187
1 99 -184
0 -167 191
0 -41 191
2 8 -6
0 -91 170
2 -12 -10
1 90 -187
2 11 0
0 -143 176
1 66 -186
1 68 -162
0 -34 204
2 -9 10
0 7 179
1 0 -186
1 9 -183
2 12 10
1 37 -188
1 6 -187
1 101 -186
1 103 -190
0 -114 188
0 -77 170
1 101 -177
1 62 -176
2 12 2
2 16 10
1 2 -183
2 5 16
0 -78 167
1 80 -172
0 78 170
1 54 -175
1 31 -185
2 3 6
1 -27 -161
0 -16 168
1 101 -171
2 -1 4
1 37 -188
2 -1 2
1 18 -187
2 -3 11
0 -13 181
1 43 -183
2 18 3
2 -1 15
1 167 -180
0 -41 177
1 -41 -176
1 127 -177
2 12 0
2 5 -7
2 9 3
2 1 11
1 -5 -175
0 -84 175
2 13 -4
2 1 27
2 7 -7
2 -1 4
1 103 -163
2 12 -8
0 23 185
2 10 -1
2 -1 -14
2 6 9
1 -8 -188
2 4 2
0 -111 171
2 -14 -5
1 85 -189
0 -82 192
0 -88 183
0 15 176
1 28 -196
0 -56 165
2 -2 -10
1 52 -168
1 78 -173
1 91 -195
0 -129 197
1 79 -170
0 -149 202
1 -15 -191
1 168 -185
0 -40 192
1 125 -209
1 30 -195
0 -90 188
0 9 163
1 87 -187
2 7 7
0 -51 192
1 80 -183
0 -80 179
2 5 9
0 -69 187
0 -119 190
1 54 -182
1 31 -177
2 -4 2
0 -50 178
0 -71 176
0 -12 161
0 -145 181
0 -40 176
2 -2 -4
0 -9 164
2 1 14
1 41 -174
0 -26 173
2 14 -9
0 -61 182
0 56 187
0 11 179
1 53 -178
0 33 196
2 9 8
2 6 13
0 -49 189
0 -102 176
0 -112 175
1 42 -185
2 -19 1
0 -43 181
1 93 -171
2 -10 -2
0 54 168
0 -20 166
0 -103 186
1 96 -169
0 -97 189
2 -6 6
0 -37 181
0 0 189
0 -21 176
2 -5 11
1 41 -176
2 10 2
0 -41 168
1 82 -183
0 -58 169
2 -2 -7
2 5 -4
2 2 0
2 24 4
2 -17 -9
2 -9 -2
1 39 -200
1 152 -186
0 -76 188
0 1 155
2 9 -8
1 -11 -162
0 -45 176
0 -19 181
2 6 -5
2 -6 -6
0 -128 185
0 -50 194
2 17 14
0 -81 182
1 4 -197
1 69 -196
0 -25 191
2 -12 0
0 -35 179
1 24 -186
0 -20 182
1 104 -179
1 96 -172
0 -48 201
0 -61 165
2 -4 -16
2 0 7
2 10 -8
2 -27 -5
2 -7 -8
0 -10 175
0 -12 174
0 -48 187
2 -1 17
1 98 -152
2 5 -6
2 9 -19
2 2 -9
1 93 -180
2 2 -6
0 -5 170
1 67 -171
0 8 190
0 -115 195
0 -79 175
1 -69 -187
1 55 -191
1 60 -175
2 0 18
2 0 12
0 -35 173
1 13 -195
2 2 -23
1 118 -186
2 16 1
2 8 4
1 -19 -165
1 49 -182
0 -121 181
1 18 -196
0 -76 169
0 -19 190
1 29 -164
2 -9 -4
0 -89 194
2 -3 -4
0 -1 195
2 -6 -4
0 -160 168
2 2 -1
0 -15 203
2 5 4
1 81 -176
2 15 15
2 5 8
0 8 207
0 -85 169
0 -32 171
2 -1 2
1 20 -167
2 -8 -5
0 5 181
0 -66 178
1 84 -170
0 -49 185
0 -118 191
2 -11 10
2 1 4
2 2 -11
2 9 18
1 -15 -190
0 -2 169
0 -9 194
1 121 -162
1 50 -166
0 -72 199
1 -23 -187
1 18 -184
0 -55 169
1 109 -166
2 4 -6
1 31 -174
2 12 -25
1 119 -186
2 1 -9
2 -5 6
2 13 11
0 -63 168
2 17 7
1 24 -185
2 19 16
1 86 -184
0 3 178
2 25 -6
0 -21 175
2 -11 11
2 16 -21
2 2 1
0 -44 175
0 -78 181
2 -10 -11
2 22 19
0 -65 172
0 74 172
1 102 -168
1 -49 -168
0 7 186
2 -15 -12
2 -11 26
0 61 180
0 -40 177
0 -101 181
2 -9 13
2 6 13
0 -146 198
1 11 -173
2 7 4
1 -6 -191
0 -65 172
0 -27 195
1 -46 -172
1 -29 -170
0 -18 191
2 0 -2
1 35 -173
1 99 -160
1 38 -187
1 -21 -190
0 -59 186
0 -90 194
1 117 -194
1 58 -181
1 113 -184
2 13 22
1 20 -192
1 66 -188
0 -79 -151
0 -158 202
2 4 -15
0 -66 184
0 44 193
0 -81 191
2 -23 8
2 -1 -19
0 40 174
1 66 -177
1 -28 -175
0 -96 172
1 30 -182
2 5 -4
2 -1 -5
2 9 -4
1 21 -174
1 149 -175
2 2 -14
2 4 -3
0 -87 170
0 48 183
0 -57 180
2 13 -10
0 -27 196
0 33 189
0 23 177
0 6 173
2 -4 1
1 37 -177
0 -90 176
1 35 -187
0 -33 181
1 196 -172
1 -44 -169
2 -16 -3
0 18 189
2 1 17
1 86 -184
0 -83 173
2 -10 -18
1 56 -191
0 -113 174
2 10 3
1 69 -179
2 -7 6
0 -24 176
1 76 -176
2 7 -6
0 -114 177
0 -78 178
0 53 187
2 -4 4
1 38 -178
0 -44 187
0 -20 178
0 32 193
1 3 -176
0 -54 185
1 39 -192
2 -7 -12
0 -49 179
0 45 172
2 4 -22
2 3 4
0 -113 185
1 39 -187
0 -51 195
1 -60 -188
1 126 -193
0 -19 172
0 -12 174
1 110 -178
2 4 1
1 -26 -180
0 8 161
1 67 -180
1 89 -185
0 -99 172
2 3 7
2 0 -16
2 -4 -2
0 63 179
0 82 187
1 112 -170
0 -117 184
1 122 -175
0 2 174
0 -25 179
0 -25 188
1 54 -192
2 -4 -11
1 42 -176
1 -15 -168
0 13 172
1 15 -184
2 -3 5
2 12 10
0 -64 184
1 118 -179
1 64 -180
0 -37 185
1 121 -180
2 -17 10
1 73 -180
0 -23 198
1 71 -169
0 -1 192
2 -7 3
0 -59 195
0 -61 183
1 9 -176
0 -37 187
1 78 -165
1 -5 -177
0 -48 187
1 4 -37
2 18 -10
1 12 -183
2 14 -13
0 -135 199
0 10 176
1 31 -179
1 49 -174
0 -60 184
0 -60 165
2 7 6
0 -23 182
2 -10 -21
0 -70 191
1 10 -197
2 5 -3
0 -97 187
0 -89 188
0 -70 160
0 11 183
1 55 -193
2 -7 -6
1 85 -195
0 3 179
2 8 2
0 21 183
1 -8 -183
1 136 -175
2 5 -4
1 108 -182
2 2 13
0 -46 187
0 -108 186
0 -89 179
0 9 176
2 -13 9
0 -46 175
1 -60 -188
0 -60 187
1 51 -192
1 60 -171
1 110 -181
1 68 -180
2 -6 -3
0 -42 195
1 79 -168
0 -107 191
0 32 178
0 -50 186
2 13 20
0 -79 197
2 12 7
0 14 169
2 11 -2
1 50 -186
1 109 -188
0 -119 178
1 96 -187
2 3 3
1 69 -177
1 24 -179
0 -69 170
1 -90 -177
1 113 -176
1 80 -188
0 -77 192
0 -20 186
2 18 0
2 28 -12
2 -21 0
1 62 -162
2 14 0
2 31 13
0 19 170
0 -74 169
1 30 -178
1 9 -188
0 -103 184
0 -34 190
0 -49 187
1 83 -209
0 6 170
1 38 -198
2 -9 3
1 -10 -180
2 -5 -7
2 4 4
2 -20 3
2 -7 2
1 74 90
0 -50 174
0 -59 190
1 63 -181
0 -122 173
0 -60 194
0 -57 185
1 7 -171
0 -42 170
2 -1 -11
2 -8 -8
2 12 -9
2 -12 -10
0 -55 188
2 -12 16
2 -19 -7
1 -26 -173
1 45 -179
2 -14 13
2 6 -1
1 77 -181
2 -13 -16
0 -88 169
0 -103 187
1 87 -187
0 -12 164
0 66 194
0 -55 180
0 -42 190
2 3 4
2 5 30
0 -16 163
0 27 179
0 -74 182
1 18 -168
1 18 -189
2 -23 -18
0 -48 176
2 -15 11
0 -71 179
1 43 -188
2 -14 7
1 40 -159
0 -93 180
2 -9 -7
0 -89 191
1 -53 -185
1 85 -162
0 -52 167
0 -50 178
0 -103 176
2 -8 25
1 53 -195
0 -56 176
1 93 -194
1 27 -190
1 68 -154
2 10 -2
1 39 -166
2 11 0
1 -34 -183
0 -21 164
0 4 171
0 -27 174
2 6 1
2 -22 -7
0 -103 194
1 30 -179
1 102 -187
2 11 -6
2 1 -1
1 59 -184
2 -10 8
1 53 -177
0 -70 178
0 63 173
2 11 -5
0 -91 195
2 11 -7
1 37 -188
0 64 177
0 -67 181
2 2 19
0 -16 199
0 3 186
1 60 -187
1 91 -187
2 12 -3
0 -6 177
0 -76 172
2 2 -1
1 92 -185
0 -27 183
1 92 -188
0 -152 184
1 6 -158
0 -67 189
2 11 -1
1 47 -173
0 -116 175
1 143 -187
1 93 -180
2 -7 -11
2 -8 0
1 35 -187
0 -72 170
0 -46 176
1 73 -166
2 1 -5
1 39 -182
2 -6 0
0 54 179
1 64 -170
2 -6 7
2 1 -6
1 88 -180
2 3 -12
1 -3 -179
2 -8 1
0 6 166
1 42 -190
0 -71 185
2 -7 14
0 31 178
2 -17 8
1 -22 -192
2 -1 -7
0 -2 170
1 88 -173
2 4 -12
1 61 -183
1 60 -169
0 -89 169
2 -1 -7
1 71 -183
0 -105 171
1 140 -180
0 -38 168
1 12 -170
1 46 -206
1 -1 -161
0 -37 198
1 49 -187
0 7 174
2 0 17
2 0 2
1 118 -191
0 -113 175
1 128 -192
1 36 -181
2 -4 10
1 67 -186
0 -65 182
2 23 -3
2 0 8
1 9 -180
2 -5 27
0 -5 180
2 -12 -1
1 52 -175
0 -6 175
0 14 173
1 37 -162
2 -8 9
2 -1 -4
0 -21 184
2 -16 -12
0 -38 161
1 61 -179
2 -8 -2
1 43 -177
2 -16 14
1 104 -189
2 0 -1
0 -52 178
2 4 6
1 109 -172
2 -5 4
1 67 -169
0 9 171
2 15 17
2 -3 3
1 66 -177
1 72 -211
2 -18 -6
0 -73 184
1 -8 -183
1 54 -170
2 -6 -7
0 -59 184
1 -39 -189
1 143 -169
1 90 -199
0 -82 195
0 -103 164
2 -1 0
1 79 -172
0 -53 179
0 -129 167
1 61 -185
2 3 32
2 -4 1
2 6 -8
2 -13 -18
1 -25 -185
0 -120 170
2 16 16
1 14 -177
0 -72 165
0 -110 184
1 52 -188
0 -1 186
1 71 -173
1 -15 -176
1 -17 -181
0 -1 169
1 85 -167
1 27 -162
1 7 -178
2 -7 -5
0 -30 175
1 55 -182
2 -10 1
1 84 -173
1 45 -175
1 15 -186
2 -12 -6
0 -6 172
2 1 24
2 4 7
1 35 -203
0 -10 183
0 -152 182
1 -11 -163
0 -111 171
0 -44 187
2 -9 0
2 -10 8
2 8 0
2 -3 -64
2 -17 13
1 -9 -187
0 -2 171
2 -5 4
1 99 -193
0 -27 196
2 -7 -5
2 2 -6
0 13 182
0 26 187
0 -127 188
2 18 20
2 -7 -3
2 3 13
0 -41 187
2 -7 10
2 4 16
0 -100 171
0 15 165
0 -107 179
0 -10 189
0 -113 185
2 3 6
2 -8 -19
1 130 -173
2 13 2
2 -6 10
1 58 -182
0 -118 178
1 -20 -174
0 -52 182
1 67 -194
0 -90 163
1 -38 -182
1 53 -168
0 -82 174
2 6 7
1 120 -173
1 22 -164
2 6 -13
0 30 178
1 47 -181
0 -52 164
0 -51 177
2 2 -1
0 -30 180
0 -60 197
2 8 -5
2 -13 -4
1 88 -172
2 9 -10
2 5 8
1 107 -179
0 -74 155
0 -110 188
1 50 -195
0 -49 160
0 -37 171
2 -7 -3
1 -37 -193
2 -3 -1
1 125 -174
1 122 -199
1 27 -179
0 -32 187
0 -134 182
0 -79 167
1 -71 -191
0 -81 183
0 -70 182
0 -39 175
1 140 -188
0 19 183
2 -1 3
0 -54 179
2 -6 -2
0 -6 164
1 37 -169
2 20 -1
2 0 17
0 -103 181
1 112 -169
2 17 -5
0 -103 166
0 -65 183
1 70 -176
2 10 -27
1 106 -178
1 19 -173
2 1 -11
1 154 -178
1 72 -185
0 -39 177
2 18 -7
0 -82 182
1 37 -177
0 -52 172
0 -37 170
0 38 183
0 -85 162
0 -113 183
2 -21 0
0 -99 153
1 47 -164
0 -33 194
1 9 -182
2 6 -26
1 50 -176
2 -14 0
2 23 9
0 12 168
2 -4 6
0 -90 175
1 49 -178
2 26 -14
1 51 -181
1 87 -182
2 6 -1
1 36 -175
0 -97 169
1 22 -168
2 -3 9
1 157 -187
0 -143 163
1 29 -159
1 25 -185
2 4 -4
0 -78 177
1 75 -197
1 95 -188
0 3 184
2 8 4
2 10 -15
0 -61 186
0 -57 163
2 -2 8
0 -57 167
1 -11 -184
2 5 -6
0 -87 174
1 80 -156
1 90 -194
1 75 -169
1 82 -189
2 -20 -11
2 1 7
1 -56 -179
2 7 12
0 0 192
0 12 182
0 -94 173
0 -97 177
1 90 -183
1 6 -191
0 -1 184
2 -2 -9
1 75 -180
0 -45 175
1 49 -174
0 -100 179
2 11 -3
0 -2 172
0 -35 174
0 -47 185
1 82 -196
0 -38 181
1 23 -164
2 9 -6
2 4 6
2 7 -7
1 79 -188
0 -51 180
2 5 9
0 -71 177
1 51 -188
0 -107 195
0 -21 169
2 -18 0
1 16 -186
0 -164 182
2 -13 6
2 9 -8
1 11 -177
0 29 182
1 47 -189
1 49 -180
1 43 -158
0 -37 175
2 2 -2
0 -113 165
1 111 -182
1 8 -174
0 -44 178
1 45 -177
2 -14 11
0 -82 208
2 2 8
2 -10 -3
1 -28 -191
0 -39 176
0 -73 173
0 -85 186
0 -112 176
0 -35 183
2 -10 -16
1 15 -175
0 -81 187
0 -51 1
2 -5 -6
1 94 -183
1 38 -186
0 0 195
2 3 13
2 -19 -22
2 -1 1
0 -37 192
0 -70 175
0 -33 175
2 5 9
2 -127 7
1 -3 -178
2 -19 -2
0 -72 179
2 8 -3
2 -6 -2
1 59 -175
1 17 -189
1 1 -169
2 7 5
2 12 -1
1 86 -197
1 46 -188
2 -16 -6
1 80 -191
2 8 2
2 1 12
1 85 -184
0 -130 173
0 -100 172
1 19 -190
2 7 3
1 -38 -177
1 2 -184
2 13 -16
1 57 -180
0 -5 186
1 89 -175
1 106 -189
0 -28 159
1 48 -157
2 2 6
2 18 1
2 -14 -6
1 42 -172
2 8 14
2 0 4
1 -25 -193
1 59 -179
0 -144 181
0 -31 176
1 27 -189
2 -11 19
0 42 175
2 -5 -15
1 158 -177
0 -177 168
2 16 1
1 99 -187
0 -56 198
1 122 -160
1 101 -189
2 23 7
2 -2 -9
0 -128 173
0 -19 199
1 96 -172
2 10 -19
0 -67 183
1 69 -173
0 -75 175
0 -51 185
0 -59 165
2 17 -27
0 -6 192
1 63 -183
2 -2 12
2 -7 -4
2 4 7
0 16 195
1 -12 -174
1 49 -169
0 -82 182
0 -47 148
1 -34 -172
2 14 6
0 -91 162
1 53 -171
0 41 194
2 12 8
1 170 -173
2 14 -9
1 45 -189
0 -90 195
0 -55 194
0 -189 183
0 -36 179
0 -49 155
2 5 10
2 12 3
1 29 -184
1 112 -184
0 60 168
2 -1 1
2 15 8
1 35 -159
2 -4 4
0 -80 191
0 -86 190
0 -35 165
2 13 -18
1 26 -200
1 146 -190
1 -7 -178
0 -68 189
2 -6 -2
0 -156 180
2 8 -20
2 -13 9
0 -64 165
0 22 184
1 82 -178
1 145 -179