0 -71 94
1 125 100
0 -96 108
1 97 110
1 85 101
0 -106 118
0 -75 99
1 100 99
1 93 98
0 -99 98
0 -109 96
0 -94 90
1 136 100
0 -118 96
0 -108 85
1 95 91
1 92 90
0 -101 108
0 -92 88
1 85 195
0 -103 112
1 99 100
1 100 100
1 101 91
1 131 96
0 -108 109
0 -82 91
1 86 103
0 -106 102
0 -106 101
1 114 109
0 -80 115
1 68 94
1 66 96
1 126 94
0 -93 110
0 -110 98
0 -88 98
0 -110 96
1 94 106
0 -109 101
0 -82 98
1 107 105
0 -100 89
0 -88 118
1 120 101
1 91 96
0 -96 112
1 108 99
1 109 103
0 -100 104
1 100 94
1 113 105
1 104 103
1 104 104
0 -81 94
1 94 99
0 -91 110
1 68 103
0 -109 97
0 -106 115
1 99 97
1 86 97
0 -95 107
0 -116 107
0 -106 99
0 -99 78
0 -77 97
0 -91 94
0 -114 94
1 117 99
0 -90 107
0 -97 90
1 117 92
0 -96 124
1 128 98
1 104 107
1 87 99
1 103 104
1 92 100
1 95 99
0 -112 105
0 -113 118
1 97 104
0 -100 109
0 -95 106
0 -91 100
1 116 94
0 -93 105
0 -96 96
1 120 96
1 77 103
1 98 107
0 -95 103
0 -96 107
0 -102 113
0 -90 112
0 -267 108
1 100 100
0 -123 110
0 -109 85
0 -96 115
0 -105 108
1 116 113
0 -88 87
0 -95 88
1 94 91
1 118 98
0 -84 85
0 -114 71
0 -131 90
0 -114 97
0 -131 97
0 -109 93
1 105 99
1 116 105
1 84 92
1 111 93
0 -97 102
1 107 94
0 -91 89
0 -96 102
0 -75 97
0 -135 86
0 -97 109
0 -101 102
1 102 109
0 -110 100
0 -105 97
1 105 92
0 -108 118
1 50 90
0 -100 100
1 75 92
1 98 101
0 -91 89
1 95 92
0 -103 98
1 97 98
1 103 111
1 100 103
1 110 98
1 115 99
0 -93 107
0 -110 101
1 96 95
0 -94 96
0 -91 105
1 95 105
1 103 107
1 120 97
1 82 101
1 80 101
0 -98 99
1 73 98
1 86 89
1 112 101
0 -105 111
1 101 107
0 -100 100
0 -113 95
0 -119 89
1 96 100
0 -111 97
0 -77 105
1 104 99
0 -109 100
0 -89 109
1 98 92
0 -84 111
1 120 98
0 -100 -179
0 -92 106
1 118 108
0 -105 108
1 94 97
1 86 106
1 99 97
1 100 108
0 -125 100
0 -106 94
1 83 96
1 91 95
1 87 94
0 -93 104
0 -89 94
0 -96 100
0 -120 92
0 -85 109
1 115 107
1 110 107
1 118 101
1 98 102
0 -115 105
0 -99 90
1 104 102
0 -107 100
0 -105 106
0 -106 89
1 121 109
1 102 98
1 93 102
0 -99 99
1 101 106
0 -98 101
0 -111 84
0 -93 118
0 -91 106
1 82 98
1 106 102
1 114 104
1 86 95
0 -114 102
1 109 103
1 92 106
1 80 100
0 -95 107
1 118 103
0 -94 91
1 116 100
1 111 107
0 -115 88
0 -118 104
0 -86 96
1 98 91
1 80 106
0 -108 88
1 78 96
0 -96 103
0 -88 103
0 -90 95
1 112 102
0 -92 -144
0 -107 104
1 94 104
0 -94 101
1 100 101
0 -100 95
1 99 102
1 119 100
0 -84 117
0 -114 96
0 -94 99
0 -103 107
1 90 99
1 91 108
1 82 91
0 -83 90
1 84 98
0 -94 104
1 235 87
0 -115 103
1 94 102
1 106 99
1 116 100
1 81 96
1 80 98
0 -96 96
1 142 105
0 -98 93
1 110 97
1 98 101
0 -107 92
1 99 97
1 128 104
0 -94 105
1 94 103
1 93 99
0 -112 85
1 83 102
0 -95 98
1 103 94
1 113 96
0 -99 91
0 -98 96
0 -108 89
0 -112 103
0 -104 99
0 -94 115
0 -98 115
1 118 101
0 -102 82
0 -97 107
1 105 106
1 104 97
0 -89 122
0 -110 94
1 110 101
1 115 110
1 97 100
0 -92 97
0 -96 94
0 -91 89
1 100 99
0 -121 92
1 101 104
0 -91 104
1 67 97
0 -93 94
1 89 97
1 100 101
1 114 99
0 -104 98
0 -98 105
1 87 99
1 101 95
1 103 90
1 111 101
0 -105 106
1 108 98
0 -101 93
1 126 110
1 95 95
0 -85 86
1 72 93
0 -110 89
1 132 103
0 -91 103
1 115 98
0 -102 105
0 -100 100
1 114 100
1 82 105
0 -112 93
0 -116 101
0 -101 111
0 -93 101
1 102 95
0 -97 96
0 -94 85
1 112 105
1 76 100
0 -113 112
1 92 94
1 82 102
0 -100 100
0 -114 108
0 -105 107
0 -93 86
1 117 103
1 97 104
1 82 98
0 -99 92
0 -94 124
1 93 93
0 -107 105
1 103 99
0 -90 92
1 97 95
0 -96 79
0 -85 106
0 -103 79
1 98 103
0 -95 87
1 113 103
0 -81 99
0 -98 124
1 94 110
0 -96 85
1 77 101
1 93 96
0 -114 99
0 -92 94
1 96 108
0 -82 95
0 -95 113
1 72 88
0 -101 87
0 -99 97
0 -112 102
0 -105 85
1 130 104
1 101 97
0 -96 100
0 -107 91
1 120 108
1 100 105
1 90 95
0 -94 88
1 118 -75
0 -95 93
1 119 93
1 80 108
0 -112 86
1 107 98
0 -102 105
0 -115 89
1 95 98
0 -93 98
0 -105 99
1 91 97
0 -116 103
1 100 99
1 91 107
1 95 99
1 103 105
1 83 103
0 -101 115
1 92 97
0 -89 95
0 -92 108
1 124 102
0 -89 98
1 102 91
0 -102 103
1 97 108
1 97 108
1 100 97
1 110 89
1 109 96
0 -108 112
1 109 95
0 -104 105
0 -118 104
0 -100 104
1 72 96
0 -94 105
1 80 104
0 -102 105
0 -82 90
1 116 98
0 -95 91
0 -106 112
0 -89 94
1 103 100
0 -83 108
0 -90 105
0 -103 90
0 -100 92
1 90 103
1 99 96
0 -98 102
0 -97 94
0 -93 101
1 125 108
1 112 90
1 98 98
1 103 97
0 -74 94
1 82 100
1 107 99
0 -86 96
1 96 101
0 -102 99
1 111 98
0 -114 88
1 90 99
1 92 95
1 82 101
0 -103 99
0 -87 94
0 -91 115
1 102 103
1 95 101
1 89 96
0 -108 94
0 -104 116
0 -112 107
0 -99 106
1 83 102
0 -108 116
1 87 97
1 81 105
0 -94 104
0 -90 116
1 113 109
1 121 93
0 -97 94
1 125 105
0 -82 95
0 -90 102
1 115 97
0 -93 78
0 -78 80
0 -90 93
0 -99 92
1 105 96
0 -99 103
1 79 102
1 89 102
0 -97 105
0 -96 95
0 -102 99
1 81 91
1 92 99
1 105 97
0 -105 122
1 89 102
0 -95 101
0 -113 110
1 69 107
0 -93 101
0 -93 98
1 95 103
1 96 93
1 103 98
0 -110 96
0 -83 98
0 -116 100
0 -109 92
1 90 108
1 113 107
1 132 102
1 97 102
0 -102 105
1 110 99
0 -96 102
1 88 108
0 -110 105
0 -100 86
0 -102 104
0 -87 109
0 -105 85
0 -87 104
1 93 106
0 -100 105
1 84 101
0 -96 110
1 96 91
0 -93 123
1 99 100
1 101 102
1 127 100
0 -101 97
1 119 96
0 -87 101
1 97 101
1 103 104
0 -91 90
1 120 102
0 -102 98
0 -104 88
0 -110 95
0 -103 100
1 148 102
0 -91 104
0 -104 99
0 -111 106
1 97 102
1 98 103
0 -118 104
0 -88 106
1 105 105
0 -109 132
0 -91 94
0 -89 91
1 101 101
1 138 100
0 -90 92
0 -92 82
0 -103 120
1 100 91
1 117 97
0 -87 110
1 108 92
0 -98 107
0 -86 90
1 108 97
0 -87 103
0 -122 109
1 128 99
1 82 88
1 113 102
0 -108 96
0 -98 95
0 -98 90
1 91 101
0 -99 84
0 -122 93
1 83 105
0 -92 88
1 116 99
0 -92 95
0 -111 88
1 109 104
0 -99 86
1 103 95
0 -94 98
1 120 103
1 96 99
1 88 98
0 -98 106
0 -109 94
1 99 99
1 101 108
0 -100 97
1 113 102
1 104 97
0 -86 117
0 -114 103
1 130 101
0 -104 113
0 -97 103
1 87 97
1 131 91
1 122 96
0 -89 83
1 91 102
1 107 106
0 -91 99
0 -94 107
1 104 97
1 99 97
1 84 103
1 111 94
0 -93 98
0 -110 108
0 -98 90
0 -97 103
0 -107 108
0 -109 109
1 106 99
1 111 101
0 -102 117
1 93 105
0 -109 96
1 76 107
1 108 96
1 89 98
1 110 98
1 77 100
1 112 93
1 110 105
0 -95 102
0 -115 102
1 105 97
0 -85 97
1 114 105
0 -102 123
1 107 98
0 -107 109
1 119 95
1 87 95
0 -109 102
0 -106 109
1 86 98
0 -97 105
1 94 99
0 -106 114
1 75 102
1 87 101
0 -83 95
1 107 106
0 -118 79
1 96 91
1 115 105
1 102 90
1 78 106
0 -114 106
0 -99 107
1 97 102
0 -107 106
1 103 98
1 103 97
0 -93 95
1 104 104
1 76 104
1 91 105
1 93 103
0 -100 89
0 -120 98
1 122 97
1 89 104
0 -99 104
1 76 108
0 -106 100
1 96 104
1 113 104
0 -114 103
0 -95 107
1 80 99
1 69 103
1 68 93
0 -96 84
1 105 104
0 -118 109
0 -96 93
0 -108 99
0 -114 112
0 -98 2
0 -114 111
1 96 102
0 -102 109
0 -120 95
1 90 109
1 77 102
1 110 106
1 111 99
0 -102 106
0 -118 94
0 -103 89
0 -107 99
0 -102 100
1 101 96
1 116 109
0 -102 97
1 101 103
1 103 94
0 -97 107
0 -91 81
0 -93 95
1 120 102
0 -88 92
0 -93 93
0 -92 102
1 94 103
1 109 106
0 -113 96
0 -97 107
1 92 96
0 -93 103
0 -102 113
1 124 98
0 -101 113
1 84 97
1 87 97
1 118 96
0 -83 100
0 -100 122
1 121 97
0 -106 102
0 -109 82
1 124 103
1 84 110
1 105 97
1 100 94
0 -105 107
0 -90 102
0 -106 96
0 -106 120
0 -98 97
1 113 94
1 101 106
0 -98 87
0 -97 100
0 -100 73
1 96 101
1 110 100
0 -120 92
1 105 107
1 102 91
1 102 88
0 -107 114
0 -94 111
0 -110 108
0 -96 91
0 -98 111
0 -95 102
1 94 97
1 108 98
1 130 101
1 105 89
1 108 101
0 -98 107
1 111 107
0 -92 134
1 104 104
1 80 95
0 -125 89
0 -103 97
0 -106 94
0 -99 104
0 -127 69
1 116 97
1 91 101
1 85 99
1 106 94
1 93 98
1 116 99
1 99 99
1 117 99
1 93 101
1 101 91
0 -103 94
0 -147 116
1 92 91
1 96 96
0 -114 88
1 101 111
1 113 100
0 -103 83
0 -93 100
1 103 110
0 -90 112
0 -107 93
0 -100 100
0 -100 88
1 113 101
0 -90 105
1 103 104
1 104 99
1 113 104
0 -97 118
0 -102 103
0 -112 96
1 64 100
1 93 99
0 -108 86
0 -87 98
0 -111 103
0 -100 109
0 -108 121
0 -100 101
1 116 101
1 105 103
0 -100 84
1 93 98
0 -98 89
1 85 91
0 -95 35
1 86 94
0 -106 85
0 -90 101
0 -95 102
0 -94 105
0 -85 109
1 109 93
0 -80 111
1 96 100
0 -86 109
0 -111 78
0 -99 114
0 -110 104
1 78 93
0 -105 96
0 -98 94
1 92 104
1 94 96
1 110 104
0 -114 91
0 -104 110
1 121 99
0 -98 102
0 -99 110
1 103 94
1 97 103
1 98 105
0 -95 90
1 84 98
1 97 99
1 85 107
0 -101 112
0 -93 115
0 -98 101
0 -99 94
1 87 109
1 107 96
1 101 103
0 -101 103
1 96 101
1 127 95
0 -112 109
1 99 103
0 -115 101
0 -104 94
1 75 92
1 120 98
0 -101 83
0 -100 106
1 103 92
0 -97 115
0 -105 102
1 92 104
1 112 106
0 -96 96
0 -105 82
1 85 96
1 97 98
0 -106 97
1 117 102
0 -88 114
0 -95 100
0 -86 97
0 -111 105
1 100 102
1 115 99
1 121 104
1 105 95
0 -102 105
1 107 94
0 -101 95
1 76 100
1 117 102
1 85 98
0 -97 111
0 -96 95
1 92 99
0 -86 109
1 71 95
0 -108 102
0 -90 83
0 -108 94
1 92 97
0 -112 92
0 -111 84
0 -97 94
1 98 100
0 -92 109
0 -113 116
1 95 108
0 -117 103
0 -106 90
0 -80 104
0 -107 90
1 102 97
0 -105 98
0 -108 79
1 115 93
0 -100 95
1 77 106
0 -92 79
1 100 99
1 100 101
0 -86 94
0 -97 97
0 -98 119
1 88 104
1 116 99
1 93 104
0 -120 97
0 -118 121
0 -110 102
1 68 91
0 -101 104
0 -98 103
1 115 108
0 -95 106
1 104 97
0 -101 94
1 98 98
0 -112 107
0 -107 111
0 -218 98
1 89 103
1 108 99
0 -104 92
0 -102 98
1 78 99
1 102 97
1 97 107
0 -101 90
1 95 103
1 113 102
0 -97 114
1 109 101
0 -104 109
1 96 95
1 108 102
1 101 95
0 -98 107
1 118 100
1 66 100
0 -109 97
0 -87 95
0 -100 88
0 -111 110
1 97 92
0 -78 100
0 -80 104
0 -112 112
1 97 103
0 -99 99
1 127 99
1 135 94
0 -97 118
1 114 90
0 -110 93
0 -107 110
1 111 97
1 99 99
0 -101 100
1 82 112
1 84 103
0 -97 107
0 -96 101
1 81 101
0 -98 77
1 116 102
1 108 103
1 106 102
1 111 98
0 -79 94
1 110 96
1 120 100
0 -106 88
0 -94 108
1 99 95
1 111 98
0 -101 107
0 -109 95
1 123 98
1 103 109
1 120 94
0 -106 76
0 -96 95
0 -96 110
1 109 101
0 -102 101
1 80 100
0 -89 110
0 -86 87
1 99 102
0 -83 99
1 69 95
0 -83 97
1 97 105
0 -99 102
0 -104 107
1 113 89
1 119 96
0 -102 80
1 99 102
0 -94 69
1 113 111
0 -122 99
1 80 101
0 -122 107
1 97 100
0 -95 94
0 -86 106
1 105 102
0 -101 88
0 -107 93
0 -118 106
0 -98 97
1 96 101
1 97 101
0 -105 94
1 90 101
1 100 88
1 92 99
1 107 102
0 -114 90
0 -100 97
1 91 103
0 -122 112
1 91 90
0 -124 112
0 -99 89
0 -85 113
1 91 98
0 -105 96
0 -88 105
0 -92 103
0 -102 90
1 81 110
0 -108 103
1 80 108
0 -109 85
0 -113 121
1 93 104
0 -108 99
1 128 103
1 86 99
1 71 103
0 -87 96
1 101 98
0 -84 95
1 118 96
0 -101 112
0 -107 102
0 -122 112
0 -99 85
1 122 110
1 93 101
1 99 93
1 110 102
1 85 100
0 -101 123
1 104 103
0 -106 94
1 97 99
1 95 105
1 91 104
0 -104 96
1 117 103
0 -77 100
0 -113 92
1 102 97
0 -111 96
0 -104 109
0 -110 88
1 82 90
0 -106 108
0 -104 113
1 97 102
0 -109 105
1 102 96
0 -103 102
0 -104 91
1 107 92
0 -109 111
0 -108 102
1 93 104
0 -116 98
1 89 99
0 -90 124
0 -90 104
0 -95 113
1 100 106
1 90 100
0 -104 112
1 105 106
1 93 97
1 81 103
1 96 107
1 84 102
1 89 97
0 -100 114
0 -98 102
1 114 103
1 89 113
1 92 96
0 -91 79
1 107 97
0 -108 101
0 -111 116
0 -102 84
0 -104 111
1 90 111
0 -109 84
0 -84 99
0 -104 103
0 -102 96
0 -97 99
0 -108 108
1 88 99
0 -83 97
0 -95 91
0 -101 92
1 72 103
1 96 102
1 98 99
1 99 93
1 103 102
0 -100 106
0 -115 107
1 81 99
0 -101 105
1 106 95
0 -94 90
1 86 97
1 85 99
1 103 103
1 103 110
1 78 102
1 92 102
1 114 102
1 107 97
1 78 93
0 -82 106
0 -109 102
0 -106 92
0 -78 125
1 94 100
0 -103 107
1 105 102
0 -96 90
0 -93 99
0 -97 94
0 -97 113
0 -106 107
0 -107 106
1 94 92
1 101 93
0 -98 105
1 97 109
0 -114 111
0 -91 112
0 -86 95
0 -101 98
1 81 97
0 -107 105
0 -100 104
1 74 100
1 65 98
1 89 97
0 -111 103
1 102 104
1 118 96
0 -102 89
0 -106 109
0 -119 99
1 78 105
1 113 98
1 81 104
1 100 98
1 86 102
0 -103 92
0 -107 95
1 126 103
1 70 96
1 105 95
1 115 101
0 -86 113
1 96 100
1 112 93
1 110 104
1 101 95
1 110 97
0 -94 114
0 -103 112
1 92 102
0 -99 93
1 98 100
0 -113 103
0 -93 105
0 -99 113
1 84 96
1 92 110
0 -99 95
1 77 100
1 92 96
1 87 101
1 91 109
1 100 95
0 -98 86
0 -91 101
1 125 99
1 116 98
0 -99 105
1 105 105
0 -108 99
1 81 101
1 83 96
0 -122 106
1 112 103
0 -81 105
1 94 96
1 104 107
1 82 97
1 89 102
0 -96 99
0 -120 103
0 -112 108
1 107 103
0 -93 110
1 110 99
1 117 98
1 89 94
1 83 108
1 96 98
0 -106 95
1 103 92
0 -104 86
0 -96 103
0 -211 94
0 -97 106
0 -106 101
0 -115 92
1 114 101
1 102 97
1 81 97
1 102 99
0 -99 113
1 112 97
0 -79 94
1 115 95
1 97 94
1 111 101
0 -93 86
1 64 98
0 -101 83
0 -107 98
0 -94 81
0 -76 106
1 113 95
0 -95 111
0 -96 91
0 -89 106
0 -97 109
1 120 99
0 -108 97
1 85 102
1 86 97
1 75 109
0 -102 102
1 86 102
0 -111 88
1 103 102
0 -101 98
1 102 98
0 -98 97
1 114 99
0 -99 101
0 -106 86
0 -105 90
0 -100 92
0 -98 112
0 -106 91
0 -103 88
0 -105 96
0 -100 97
1 100 98
0 -111 98
1 101 100
1 122 100
0 -99 102
1 123 97
0 -81 114
1 130 90
1 102 107
0 -76 103
1 101 107
0 -91 113
0 -106 109
0 -118 78
0 -118 99
0 -96 104
1 114 101
0 -83 99
0 -82 109
1 81 96
1 105 100
0 -91 98
0 -100 91
1 122 85
0 -110 84
0 -108 105
1 127 101
1 104 100
0 -95 101
0 -94 117
1 94 101
1 124 99
1 109 102
0 -105 126
1 89 98
1 113 93
1 103 97
1 103 94
0 -78 104
1 85 97
1 96 104
1 106 103
0 -105 105
1 87 101
1 109 90
1 98 100
0 -93 105
0 -115 99
1 119 104
0 -100 83
1 97 91
1 128 91
0 -92 84
0 -105 99
0 -113 101
1 90 105
1 104 93
0 -102 85
0 -73 113
0 -107 108
0 -88 104
0 -113 98
1 90 105
0 -91 86
1 87 98
0 -99 100
1 80 102
1 105 108
0 -99 88
0 -107 110
0 -110 96
0 -98 109
0 -81 106
1 110 98
0 -112 85
1 99 97
0 -110 116
1 103 91
1 112 97
0 -98 101
1 91 98
0 -106 92
1 133 110
0 -99 112
1 87 95
1 81 94
1 87 89
0 -89 79
1 108 102
1 109 97
1 49 91
0 -120 93
0 -104 103
0 -97 89
1 93 90
1 88 108
1 114 101
0 -78 113
1 124 99
0 -100 101
1 101 97
0 -111 105
0 -116 96
0 -98 111
0 -98 102
1 95 100
0 -100 89
0 -87 84
1 77 105
1 118 107
1 90 102
0 -93 101
0 -96 113
0 -100 88
0 -93 111
1 89 99
1 83 103
1 130 97
1 122 94
1 114 95
1 91 96
1 109 103
1 66 99
1 108 97
0 -102 111
0 -100 108
0 -106 102
1 120 103
0 -99 102
1 97 98
0 -113 115
0 -105 116
0 -83 109
0 -113 101
0 -101 95
0 -114 92
0 -106 101
0 -99 98
0 -121 100
1 83 103
0 -100 108
0 -102 116
0 -85 104
1 116 92
1 111 105
0 -97 98
1 108 99
1 104 92
1 100 101
0 -99 104
1 71 99
1 115 99
1 136 95
0 -108 95
0 -90 94
0 -76 113
0 -83 97
1 68 104
0 -102 94
1 115 107
0 -110 81
1 107 98
0 -106 101
0 -86 116
0 -85 109
0 -89 103
0 -105 108
0 -88 109
0 -113 123
1 117 102
0 -108 105
0 -106 114
0 -115 94
0 -90 97
1 82 100
0 -94 104
1 124 97
0 -108 115
1 127 104
0 -100 90
0 -96 86
1 99 95
0 -101 50
0 -115 101
1 94 96
1 122 108
0 -82 109
1 119 103
0 -119 90
0 -108 91
1 92 101
0 -94 108
1 108 101
0 -107 114
0 -94 87
1 118 96
1 107 96
1 96 102
0 -118 86
1 81 97
1 100 24
0 -106 100
0 -114 102
1 117 98
1 117 110
1 105 96
1 100 91
1 111 102
0 -105 85
1 96 101
1 99 109
1 105 108
1 114 100
1 111 84
1 98 101
1 89 94
1 104 98
0 -102 110
1 89 95
1 88 98
1 112 100
0 -108 105
0 -93 122
1 67 100
1 97 98
0 -100 101
1 110 101
0 -81 109
1 92 101
0 -97 121
1 106 101
1 100 106
1 89 107
1 92 100
0 -91 95
0 -98 87
1 108 101
1 119 102
0 -75 108
1 117 98
0 -101 94
0 -128 93
0 -114 89
1 81 97
1 105 101
1 106 98
0 -98 93
0 -112 87
0 -119 98
1 77 104
0 -99 96
1 92 104
1 99 101
1 100 97
1 108 92
1 85 106
1 113 94
1 74 100
0 -107 89
1 123 93
0 -99 82
0 -99 101
1 113 96
0 -100 88
1 70 94
1 93 108
0 -115 82
1 114 92
0 -110 114
1 121 99
1 103 97
1 96 101
1 81 101
0 -102 99
1 93 109
1 87 107
1 117 104
0 -116 91
1 74 106
1 89 107
0 -89 109
0 -99 102
0 -110 105
1 100 98
0 -113 103
1 95 88
0 -96 98
0 -91 117
1 98 104
0 -84 111
1 84 100
0 -119 109
1 82 105
0 -112 121
1 87 95
0 -103 114
0 -108 108
1 104 105
0 -98 95
0 -99 90
1 72 101
1 98 92
1 69 97
0 -98 92
1 113 94
1 90 92
0 -100 98
0 -106 94
0 -98 91
0 -109 87
1 92 100
0 -99 92
1 93 101
1 131 103
0 -93 89
1 100 95
0 -80 115
1 87 101
1 106 103
0 -123 102
1 77 96
1 104 95
1 112 91
1 112 95
1 100 97
1 83 95
1 87 102
0 -106 96
1 66 95
1 108 94
0 -125 86
1 97 98
1 94 100
1 108 95
1 97 105
0 -95 99
0 -105 108
0 -103 97
0 -106 103
0 -102 105
1 106 104
1 96 105
1 115 100
0 -103 98
0 -97 97
1 86 100
0 -105 95
0 -102 104
1 108 101
0 -106 106
1 92 101
1 105 101
0 -115 105
0 -112 89
0 -100 105
0 -93 102
0 -90 115
0 -100 103
0 -102 100
0 -99 100
1 112 97
0 -92 98
1 112 104
1 109 94
0 -81 97
1 119 99
0 -111 78
1 100 91
1 94 101
1 105 95
0 -101 102
0 -101 70
0 -110 109
0 -111 88
1 118 103
0 -102 105
0 -91 89
0 -102 103
0 -124 102
1 90 95
1 129 101
1 114 102
1 116 97
0 -94 107
1 83 95
0 -88 85
1 112 97
0 -112 97
0 -103 85
1 99 106
0 -91 106
0 -98 89
1 108 85
1 117 100
0 -113 108
0 -86 94
0 -96 123
0 -92 112
0 -89 85
1 90 104
0 -85 125
1 105 106
1 107 116
1 100 99
1 82 103
0 -98 95
0 -109 90
1 89 110
1 104 96
0 -95 94
0 -106 106
1 93 104
0 -99 96
0 -114 97
0 -97 83
1 91 104
0 -99 113
0 -104 96
1 61 95
0 -92 93
1 113 97
0 -96 106
0 -90 103
1 94 97
1 85 90
0 -102 107
1 98 103
1 100 105
1 98 92
1 95 95
1 76 108
0 -108 90
1 118 102
0 -131 92
1 92 110
0 -107 101
0 -108 96
0 -107 101
0 -102 104
0 -97 107
0 -95 80
1 116 99
0 -99 98
1 86 100
1 112 88
0 -96 85
1 80 109
0 -87 97
1 100 103
0 -92 107
1 99 101
1 73 95
0 -100 109
1 99 96
0 -90 106
0 -111 86
0 -105 87
0 -100 99
0 -97 102
1 87 107
0 -108 81
0 -98 111
0 -112 103
1 103 106
0 -96 78
1 99 98
1 112 104
1 100 101
0 -95 105
0 -99 124
1 105 96
0 -78 81
1 109 98
0 -105 93
1 76 98
0 -94 111
1 77 106
1 108 96
1 109 97
0 -107 108
1 105 98
0 -90 101
1 74 97
1 106 107
0 -105 96
1 99 104
1 114 102
1 133 106
0 -100 95
0 -104 85
0 -82 106
1 83 97
0 -103 93
1 94 102
0 -115 94
0 -87 99
0 -90 96
1 82 102
0 -101 87
1 79 89
1 111 92
1 123 87
0 -99 102
0 -109 104
0 -95 105
0 -113 104
1 92 101
0 -82 98
0 -97 98
1 92 104
0 -118 109
1 100 98
1 91 101
0 -96 99
1 98 97
1 77 108
0 -103 111
0 -98 98
1 127 96
1 119 98
1 119 105
1 80 107
0 -104 101
0 -103 101
0 -110 95
1 103 106
0 -108 128
0 -105 105
1 115 102
1 138 97
0 -119 103
1 116 95
0 -105 120
0 -92 100
0 -98 94
1 105 96
1 110 105
1 106 103
0 -90 100
1 78 89
0 -108 109
0 -94 93
1 123 93
1 108 95
0 -115 85
1 101 108
1 108 107
1 126 94
1 82 105
1 101 105
1 97 104
0 -99 100
0 -106 94
0 -107 97
1 112 93
0 -115 87
1 108 115
1 93 98
1 117 112
0 -96 98
1 95 98
0 -89 106
1 99 90
0 -95 74
0 -95 95
1 134 104
0 -113 97
0 -86 169
0 -105 87
0 -90 91
1 99 100
0 -76 106
1 104 100
1 85 101
1 123 90
1 105 95
1 108 101
1 113 94
0 -123 107
0 -101 99
1 92 105
0 -89 113
0 -102 112
1 122 107
1 119 99
0 -105 92
1 103 102
1 106 102
0 -96 92
1 98 107
1 122 101
1 108 94
0 -94 102
0 -102 94
0 -102 97
1 78 92
1 88 100
0 -101 103
0 -95 85
1 112 90
0 -104 94
0 -95 105
0 -87 109
0 -123 109
0 -91 95
1 86 105
0 -78 96
1 92 98
1 113 90
0 -107 99
1 82 101
1 110 99
1 105 110
0 -89 105
0 -94 97
0 -88 104
1 128 98
0 -103 105
1 61 103
0 -90 106
1 112 98
0 -95 97
1 108 97
1 85 101
1 112 98
1 98 95
1 104 102
0 -101 101
1 82 104
1 109 105
0 -79 101
1 126 96
1 80 100
0 -82 111
0 -90 118
1 115 96
0 -104 107
0 -118 111
1 91 111
0 -106 112
0 -95 108
0 -102 120
0 -118 100
0 -93 106
0 -100 115
0 -105 85
1 108 96
1 105 100
0 -91 98
1 122 105
0 172 96
0 -97 100
1 117 99
1 87 94
0 -109 92
0 -87 120
1 98 99
0 -96 85
1 95 97
0 -105 99
0 -101 96
0 -89 93
0 -107 95
1 80 97
0 -109 104
1 97 101
1 86 94
0 -112 109
0 -103 89
1 91 106
1 72 99
0 -94 92
1 72 101
0 -85 117
1 97 100
0 -93 107
1 95 102
0 -118 104
0 -114 102
0 -82 89
0 -100 108
1 99 72
0 -104 107
0 -83 85
0 -101 107
0 -91 91
1 112 99
0 -86 93
0 -92 101
1 86 98
0 -112 110
0 -91 105
0 -115 96
0 -104 96
1 115 94
0 -89 100
1 94 99
1 86 111
0 -99 95
1 103 94
1 86 108
1 116 102
1 83 93
1 64 98
0 -102 103
1 104 99
1 106 96
0 -108 92
1 111 97
1 76 104
0 -100 94
0 -98 89
1 99 97
1 95 100
0 -81 106
1 86 101
1 114 94
0 -94 83
1 98 98
0 -101 96
1 84 98
1 106 93
1 109 100
0 -124 101
1 76 98
1 86 109
0 -94 89
1 79 98
1 92 94
1 141 108
1 80 102
1 68 103
1 77 96
0 -93 117
0 -121 100
0 -90 91
1 82 93
1 100 102
0 -86 98
0 -83 97
1 101 100
1 120 102
0 -93 85
1 88 97
1 83 101
0 -108 92
1 93 101
1 118 102
0 -98 110
1 88 98
1 99 98
0 -99 96
1 99 90
1 79 100
0 -109 97
0 -108 112
0 -98 103
0 -110 99
0 -96 99
1 94 100
1 107 113
1 66 99
0 -89 111
0 -93 96
1 103 94
1 86 98
1 107 105
0 -108 110
1 102 100
0 -97 108
0 -96 103
0 -111 112
0 -92 116
1 95 98
1 90 96
0 -110 96
0 -97 91
1 68 91
1 88 99
1 122 102
1 90 100
1 110 107
0 -110 109
0 -118 95
1 111 96
1 81 102
1 91 106
0 -95 89
0 -97 95
0 -98 89
0 -102 97
0 -101 108
1 80 95
0 -98 105
1 101 102
1 88 98
1 129 105
0 -86 85
0 -108 107
0 -111 94
1 126 106
1 80 100
1 127 93
1 78 95
1 89 106
0 -89 87
0 -111 90
0 -89 103
0 -96 106
1 102 113
1 103 100
1 93 104
1 113 105
1 95 94
1 111 99
1 107 102
0 -98 94
0 -73 100
1 90 89
1 79 98
1 90 104
0 -105 110
1 122 90
1 99 92
0 -107 102
1 103 99
1 94 93
1 130 103
0 -111 96
1 89 97
0 -89 118
1 89 95
1 83 94
0 -105 83
0 -93 109
0 -90 88
0 -110 89
1 102 97
1 88 103
0 -109 97
0 -97 102
1 85 100
0 -101 110
0 -96 101
1 111 109
1 83 100
1 109 96
0 -109 97
0 -91 93
1 76 99
1 88 101
1 107 99
0 -100 98
0 -91 94
1 91 102
1 94 92
0 -103 107
1 80 99
0 -85 89
1 117 105
1 120 107
1 132 101
0 -103 106
0 -109 104
0 -94 93
0 -94 108
1 78 97
1 91 107
0 -104 95
1 97 96
1 121 96
0 -105 86
1 78 93
1 87 101
1 91 99
1 79 104
1 77 108
1 115 109
1 108 101
1 100 102
1 100 106
0 -96 94
1 81 103
0 -90 79
0 -102 106
1 102 101
1 85 99
0 -100 105
0 -98 109
0 -110 92
1 88 99
1 107 103
0 -101 99
0 -95 94
1 88 103
0 -100 106
0 -93 102
1 86 101
1 93 95
0 -101 110
1 97 97
0 -104 90
0 -97 105
0 -101 87
1 92 97
0 -105 105
0 -115 114
0 -102 107
1 80 98
0 -101 109
1 126 107
0 -113 95
1 93 103
1 120 107
1 66 90
1 105 99
0 -96 102
1 101 106
1 86 105
0 -99 110
1 123 96
1 91 95
0 -83 85
1 127 102
0 -106 86
0 -99 117
0 -95 86
0 -94 94
1 93 98
1 90 96
0 -106 94
1 93 87
0 -105 116
1 108 91
0 -100 95
1 77 103
0 -91 109
1 117 106
1 115 101
1 107 94
1 57 100
0 -96 101
1 126 105
1 103 102
0 -78 104
1 112 99
1 104 99
1 121 102
1 73 109
1 83 101
1 102 97
0 -87 114
0 -70 105
1 82 97
0 -116 117
1 92 83
0 -104 95
0 -103 188
0 -105 89
1 107 100
0 -97 116
0 -105 108
0 -101 102
1 101 96
1 98 98
1 121 96
1 107 98
0 -111 96
0 -115 100
0 -108 94
1 97 100
1 84 103
0 -107 104
1 96 95
1 101 99
1 107 99
1 98 103
1 77 106
0 -111 105
1 110 109
0 -99 94
0 -100 98
0 -94 85
1 95 233
1 107 96
0 -104 103
0 -116 97
1 108 106
0 -102 100
0 -93 101
1 71 97
0 -112 86
0 -112 115
0 -87 95
0 -93 93
1 115 94
1 121 98
1 91 96
1 110 106
0 -107 113
0 -95 88
1 96 97
1 88 96
0 -109 92
0 -91 109
0 -83 106
1 100 102
0 -116 119
0 -98 106
0 -113 94
1 99 108
0 -92 107
0 -102 92
0 -105 97
1 106 103
0 -94 91
1 101 105
0 -99 102
0 -94 113
1 102 106
1 78 92
1 88 108
1 86 97
1 104 104
0 -103 116
0 -92 127
0 -108 125
1 111 99
1 120 108
1 80 98
0 -107 97
1 90 105
0 -101 81
1 83 95
1 115 94
1 134 98
1 87 108
1 81 106
1 118 103
1 93 96
1 85 106
1 106 104
0 -87 110
0 -100 114
1 84 98
1 99 99
0 -101 105
1 106 101
1 121 103
1 101 98
1 120 107
1 108 93
1 111 102
1 105 97
0 -110 107
0 -93 110
1 129 91
1 118 293
0 -104 111
1 84 95
1 107 97
0 -100 106
0 -106 104
1 89 95
1 99 103
1 84 110
1 98 97
1 89 103
0 -113 98
0 -98 95
0 -109 96
0 -90 93
0 -99 110
0 -94 90
0 -108 91
0 -104 90
0 -97 105
0 -107 87
0 -107 110
0 -109 97
1 121 97
0 -109 99
1 77 102
1 104 106
1 87 98
0 -111 98
1 111 96
1 79 98
0 -106 122
1 114 103
1 134 100
0 -104 104
0 -112 103
0 -103 103
0 -111 87
1 116 97
0 -89 99
1 95 96
1 91 97
1 106 100
1 118 105
0 -108 103
0 -93 94
1 100 100
0 -103 100
0 -90 102
0 -93 93
1 111 106
1 102 95
1 83 105
1 99 105
1 78 97
0 -99 85
0 -102 94
1 97 89
0 -89 114
0 -116 90
0 -103 91
1 91 106
0 -103 83
0 -108 85
1 79 99
0 -82 102
1 99 101
1 67 101
0 -103 92
1 108 97
0 -104 104
1 101 110
0 -99 117
1 90 100
0 -106 91
0 -90 122
1 94 95
0 -92 84
0 -97 108
0 -97 91
1 96 102
1 96 103
1 93 104
0 -85 104
0 -98 96
1 115 112
0 -119 81
0 -102 92
0 -110 93
0 -111 108
1 103 106
1 100 97
1 114 101
0 -104 109
1 74 107
0 -98 113
0 -96 110
0 -87 75
1 110 101
0 -77 115
1 97 96
0 -96 97
0 -110 100
1 117 97
1 101 88
1 103 100
1 100 107
1 91 104
1 103 96
0 -80 84
1 83 111
0 -87 102
1 122 101
0 -87 109
1 119 96
1 112 102
1 130 99
0 -109 92
1 111 105
0 -110 102
0 -100 108
1 111 104
0 -92 100
0 -111 85
1 101 96
0 -110 97
1 94 106
1 102 100
0 -88 100
0 -92 107
1 85 113
1 93 104
0 -93 116
0 -115 119
1 95 96
1 104 100
0 -109 104
1 82 99
0 -85 123
1 74 101
1 109 99
1 111 99
0 -108 113
1 77 97
0 -78 90
1 113 108
0 -103 100
0 -94 100
1 84 91
0 -83 76
0 -92 119
1 94 98
1 113 97
0 -100 106
1 79 106
1 138 107
1 122 110
1 92 108
0 -91 112
0 -98 96
1 113 99
1 107 95
1 104 107
1 82 101
1 87 90
0 -96 99
0 -116 92
0 -108 95
0 -98 89
0 -83 106
0 -94 113
0 -91 69
0 -103 103
1 86 99
1 80 102
1 103 98
1 98 109
1 112 92
0 -91 96
1 87 99
0 -103 95
1 122 96
1 109 102
1 97 102
0 -117 116
0 -118 106
1 117 105
0 -92 93
0 -95 99
1 104 97
1 86 99
0 -93 104
1 75 104
1 112 107
0 -96 85
0 -103 116
1 75 89
1 107 105
1 103 101
0 -84 87
0 -105 103
1 121 100
1 91 103
1 90 108
1 78 102
1 81 93
1 110 99
0 -85 113
0 -106 100
1 124 105
1 130 93
1 99 102
0 -113 73
0 -89 87
1 100 96
1 108 98
1 93 97
0 -103 122
1 83 95
0 -100 86
1 76 99
0 -90 99
1 115 106
1 135 98
0 -110 91
1 86 102
0 -106 93
1 122 105
0 -96 102
0 -95 114
0 -79 95
1 83 100
1 111 91
0 -101 99
1 85 96
1 81 107
0 -106 96
0 -116 75
1 115 98
1 87 91
0 -103 110
0 -92 110
1 98 99
1 87 103
0 -92 94
1 132 90
1 120 101
1 112 99
1 106 97
0 -99 97
0 -108 92
1 88 104
1 117 105
0 -105 104
1 92 94
1 106 105
1 106 108
1 110 98
0 -91 97
1 114 96
1 98 94
1 71 101
1 108 100
1 93 102
0 -93 96
1 108 101
1 123 108
1 83 97
1 84 100
1 101 101
0 -110 111
1 104 104
1 118 103
1 87 105
0 -105 101
0 -76 99
1 72 102
1 104 99
1 96 103
1 88 100
0 -104 103
0 -102 110
0 -100 113
0 -93 116
1 79 101
0 -124 113
1 104 110
1 82 100
1 103 107
1 107 90
1 104 107
1 81 106
1 98 103
1 85 99
1 90 99
1 105 100
0 -105 98
1 100 100
0 -121 99
0 -101 94
1 77 99
1 114 100
0 -99 97
0 -115 93
1 84 93
1 120 100
0 -93 89
1 82 114
0 -113 88
0 -110 89
0 -102 89
1 79 96
1 85 100
1 92 107
1 104 101
0 -101 109
0 -105 96
0 -94 101
1 63 98
1 90 108
0 -97 84
0 -110 98
1 120 104
1 112 100
1 100 102
0 -86 101
1 86 101
0 -75 98
0 -86 89
0 -100 115
1 84 104
0 -87 101
0 -106 95
1 113 97
1 101 98
1 108 95
0 -95 125
0 -112 98
1 98 102
1 86 102
1 105 95
1 97 103
1 103 103
0 -100 88
1 99 100
0 -99 102
0 -92 106
0 -108 104
0 -112 109
1 85 99
0 -86 96
0 -80 104
1 102 98
1 96 106
0 -87 114
0 -102 101
1 99 100
0 -112 103
0 -97 112
0 -101 116
1 98 98
0 -88 99
0 -96 105
1 84 93
0 -96 97
0 -88 93
0 -84 94
1 101 102
1 119 109
1 114 97
0 -97 114
1 100 99
0 -110 95
0 -101 109
0 -98 113
1 84 105
1 87 100
1 94 93
1 86 102
1 114 100
1 109 106
1 108 103
1 87 94
1 95 93
1 110 102
1 90 104
1 104 89
1 108 105
1 89 101
0 -99 111
0 -94 100
0 -112 93
0 -104 109
1 101 100
0 -91 102
0 -120 86
0 -102 102
1 103 96
1 114 104
1 98 99
0 -109 96
0 -98 101
0 -101 109
1 97 105
0 -102 102
1 111 104
0 -104 88
1 123 98
0 -97 106
0 -80 89
0 -109 109
0 -114 103
0 -89 111
0 -94 102
1 94 98
0 -93 98
1 104 99
0 -106 108
0 -109 86
1 122 101
1 70 101
0 -95 109
1 113 104
1 93 98
1 98 107
1 102 102
0 -104 129
0 -107 87
1 131 105
0 -109 99
1 123 102
0 -94 93
1 65 109
1 93 95
1 107 114
0 -97 109
0 -107 97
0 -86 92
0 -77 100
0 -100 97
1 116 93
1 58 99
0 -100 107
1 110 107
0 -84 97
0 -95 116
1 81 107
1 116 100
0 -95 96
1 96 95
1 84 101
0 -77 96
1 100 99
0 -84 103
0 -114 94
1 95 105
0 -93 102
0 -86 98
1 98 106
0 -105 92
1 63 92
1 101 94
1 101 104
0 -109 109
1 91 95
1 81 96
0 -91 94
0 -94 116
0 -103 115
1 90 100
0 -103 105
0 -82 82
0 -100 103
1 95 101
1 92 105
1 94 107
1 115 94
1 122 100
0 -94 105
0 -116 102
0 -98 94
1 95 104
1 98 87
0 -102 101
1 122 105
0 -94 94
0 -86 98
0 -103 104
1 118 104
0 -93 86
0 -92 87
0 -86 90
0 -97 99
1 112 100
0 -112 99
0 -120 93
0 -113 104
1 102 100
0 -119 113
1 83 102
1 85 101
0 -112 114
1 91 107
0 -113 100
1 104 101
1 71 106
1 105 103
0 -113 93
0 -105 93
1 108 110
1 96 94
0 -109 106
1 101 98
1 114 105
1 109 98
1 118 95
0 -107 126
1 108 95
0 -104 96
0 -103 101
1 127 97
1 92 96
0 -105 99
1 114 101
1 116 97
1 125 106
0 -98 97
1 118 94
0 -104 105
1 67 97
1 100 100
1 105 98
1 94 104
1 103 100
0 -90 99
1 101 101
0 -87 89
1 86 95
1 97 104
0 -95 91
1 87 104
1 90 99
1 119 105
0 -90 105
0 -103 102
1 111 100
0 -94 108
0 -76 119
1 104 109
1 119 97
0 -76 101
0 -111 98
0 -106 93
0 -108 102
0 -120 92
0 -95 109
0 -96 90
0 -91 126
0 -107 102
0 -115 111
0 -97 96
1 107 103
1 103 107
0 -114 111
1 115 101
0 -103 104
1 103 100
0 -91 104
1 91 92
1 107 100
1 94 101
0 -101 98
0 -98 88
0 -97 81
0 -104 99
1 88 106
0 -89 93
1 101 103
0 -101 100
1 119 99
1 101 101
0 -96 109
0 -107 112
1 109 102
0 -98 92
0 -94 90
1 95 96
1 86 98
1 89 102
0 -96 98
0 -92 115
0 -88 67
1 101 108
1 83 99
1 117 96
0 -96 92
0 -110 108
1 106 98
1 108 97
1 119 109
1 120 97
1 99 95
1 110 98
0 -111 93
1 114 90
0 -100 95
1 68 102
1 94 100
0 -104 93
0 -101 91
1 114 93
1 109 104
1 68 105
1 83 94
1 98 88
1 82 107
0 -105 100
0 -79 110
1 88 108
0 -94 105
1 116 100
1 81 95
0 -99 93
1 111 100
1 80 108
0 -113 91
0 -111 91
1 60 99
0 -101 96
0 -88 86
1 101 95
0 -105 102
1 125 105
0 -104 89
0 -113 110
1 109 102
1 60 98
1 80 107
1 99 103
0 -96 97
1 113 106
1 107 97
1 95 92
1 106 104
1 102 102
0 -97 116
0 -113 97
0 -93 98
1 99 89
1 94 102
0 -102 113
0 -105 103
0 -96 100
0 -84 82
1 75 97
0 -123 101
1 93 100
1 70 96
1 98 103
0 -104 90
0 -111 88
1 122 100
0 -98 101
0 -102 93
1 97 104
1 118 101
1 117 104
0 -109 85
1 85 103
0 -90 98
0 -100 94
0 -79 100
1 84 97
0 -104 112
1 102 110
1 87 100
0 -108 86
0 -100 113
1 125 99
0 -96 109
1 125 104
1 82 99
0 -104 105
1 86 104
1 109 98
0 -91 101
1 98 94
1 121 107
0 -99 101
0 -79 95
1 90 105
0 -102 122
0 -102 72
0 -122 102
0 -93 96
1 90 96
0 -92 89
1 71 102
0 -82 91
1 102 109
0 -98 91
1 103 97
0 -84 109
0 -108 93
1 110 94
0 -101 105
0 -106 98
1 99 94
0 -95 90
0 -96 102
1 85 97
0 -85 104
0 -109 115
0 -105 96
0 -100 113
0 -116 106
1 98 100
1 114 102
1 110 96
0 -100 92
1 104 104
1 107 101
1 98 103
0 -99 94
0 -99 100
0 -88 107
1 106 102
0 -116 98
1 118 99
1 85 99
0 -100 115
0 -111 92
1 90 96
0 -102 107
0 -99 100
1 99 102
0 -109 93
0 -99 115
1 130 104
0 -100 99
0 -103 94
0 -82 99
1 87 106
1 78 99
1 80 98
0 -103 98
0 -113 92
0 -104 97
0 -108 95
1 105 31
0 -106 89
1 84 100
1 100 98
0 -105 110
0 -83 86
1 106 97
0 -107 102
0 -90 89
1 119 100
0 -121 84
0 -93 102
1 105 100
1 110 100
1 99 96
1 97 101
0 -100 110
1 87 97
1 106 109
0 -91 86
1 80 97
1 100 97
1 89 99
0 -130 101
0 -102 116
0 -122 92
1 119 103
1 122 101
0 -101 103
0 -106 104
1 87 95
0 -110 101
0 -118 100
0 -99 111
0 -89 108
1 105 100
1 77 106
0 -92 112
1 87 98
1 117 94
0 -85 86
0 -114 110
0 -85 89
0 -88 100
0 -89 91
0 -109 109
1 73 104
0 -106 103
0 -111 103
1 104 88
1 89 103
0 -87 120
0 -108 95
0 -84 97
1 110 90
0 -124 91
0 -92 93
1 91 108
1 74 91
1 108 100
0 -92 92
1 95 105
1 100 99
0 -97 88
0 -78 95
1 67 97
1 118 96
0 -93 108
1 88 95
0 -109 86
0 -97 98
1 65 99
0 -94 110
0 -97 97
1 110 102
0 -98 91
1 86 101
0 -80 108
1 97 96
0 -88 85
0 -96 110
1 88 102
0 -97 116
0 -110 97
0 -99 105
0 -96 98
0 -96 86
1 127 113
0 -95 91
1 104 101
1 126 98
1 124 106
1 110 101
1 109 100
0 -83 97
0 -91 105
0 -88 99
0 -83 92
0 -106 104
1 112 96
0 -99 106
0 -101 89
1 73 107
1 97 101
1 94 99
0 -99 112
1 114 97
1 122 103
0 -109 113
1 95 100
1 76 104
0 -112 110
0 -111 84
1 114 110
0 -109 110
1 116 101
0 -101 103
0 -83 94
1 126 90
0 -93 85
0 -122 91
0 -88 116
1 85 100
0 -106 102
0 -87 86
0 -95 104
1 93 109
0 -119 91
1 94 107
0 -107 81
1 118 109
0 -91 90
1 124 99
0 -108 112
1 92 102
0 -107 94
1 101 94
0 -99 107
0 -92 101
1 71 92
1 65 103
1 115 107
0 -102 91
0 -98 88
0 -74 77
1 95 103
1 97 95
0 -110 109
1 112 97
1 84 103
1 95 103
1 100 108
1 123 97
1 95 97
0 -90 87
1 144 95
0 -104 110
1 133 104
0 -90 115
0 -89 101
0 -90 119
0 -97 96
0 -93 97
0 -101 103
0 -88 102
0 -111 95
0 -94 127
1 119 102
0 -98 110
0 -101 106
0 -113 104
1 94 105
0 -102 108
0 -103 85
0 -101 113
1 105 93
0 -101 103
1 88 106
1 91 109
0 -110 86
0 -101 94
0 -95 116
0 -97 100
1 85 105
0 -107 96
0 -110 88
0 -101 98
0 -94 101
1 105 99
1 78 104
1 138 110
1 83 94
0 -84 104
1 98 102
0 -78 103
1 128 85
1 117 105
0 -72 90
0 -88 104
0 -111 119
0 -108 73
1 102 100
1 77 108
1 110 96
1 109 104
1 107 105
1 90 102
1 92 105
1 108 102
1 115 102
0 -106 97
1 88 98
0 -102 111
0 -102 86
0 -103 93
0 -106 94
1 79 102
1 118 100
1 112 100
0 -82 118
1 69 91
1 103 106
0 -79 107
0 -107 123
1 111 99
0 -96 102
0 -97 105
1 96 93
1 110 95
0 -94 90
0 -98 94
0 -103 108
0 -112 95
1 96 103
1 108 -57
0 -90 105
0 -112 95
1 108 90
0 -93 93
0 -93 95
1 78 93
0 -88 87
1 94 95
0 -103 114
0 -88 113
0 -92 87
0 -87 86
0 -96 94
1 88 92
0 -87 90
1 116 85
0 -94 119
0 -108 87
0 -119 94
0 -96 100
0 -93 107
1 111 93
1 98 99
0 -99 108
0 -104 106
0 -93 101
1 101 94
1 84 88
0 -107 94
1 104 105
1 137 94
0 -114 103
0 -93 97
0 -82 83
1 84 95
1 90 101
0 -90 94
1 96 105
1 109 93
0 -91 108
1 86 99
0 -107 91
1 111 92
0 -94 96
1 99 99
1 90 93
1 77 97
1 85 93
0 -82 109
1 97 102
0 -116 111
0 -104 104
1 110 100
1 112 104
0 -90 113
0 -104 102
1 88 103
1 102 106
1 118 96
1 118 96
1 114 94
0 -90 105
1 111 99
1 93 104
1 89 99
1 73 99
1 114 93
1 93 101
0 -120 100
1 96 105
1 95 102
0 -89 82
1 75 95
1 102 91
0 -123 101
1 106 101
1 117 107
0 -100 100
0 -91 100
1 91 102
0 -103 84
0 -100 113
1 100 98
0 -119 90
1 76 91
0 -98 89
1 101 102
1 88 93
0 -106 125
0 -115 93
1 108 96
0 -98 112
1 83 92
1 83 94
1 137 105
1 108 92
1 82 91
0 -82 104
0 -95 109
1 107 107
0 -110 91
1 131 99
1 105 92
1 98 103
1 85 101
1 106 100
0 -100 97
1 89 99
0 -101 83
0 -108 97
1 126 100
0 -95 88
0 -84 113
1 105 101
0 -106 99
0 -90 116
1 117 104
1 110 101
0 -91 93
1 75 99
1 109 94
1 93 96
1 98 101
1 100 102
0 -112 108
0 -108 91
0 -119 102
0 -90 92
0 -102 104
0 -93 107
0 -128 91
1 111 96
1 84 105
1 117 92
0 -106 104
1 99 96
1 93 91
0 -87 102
0 -80 99
1 95 96
0 -103 92
1 83 105
1 89 103
1 91 95
0 -89 94
0 -83 105
0 -93 97
0 -244 108
0 -102 95
1 73 96
0 -102 105
1 131 92
0 -87 91
0 -105 114
0 -109 103
1 92 99
1 91 98
1 103 97
0 -110 93
1 101 93
1 71 94
0 -94 93
0 -113 110
0 -110 92
1 78 102
0 -96 96
0 -95 109
1 89 100
0 -100 102
1 84 106
0 -109 109
1 92 96
1 106 102
1 74 98
0 -84 99
0 -100 91
0 -92 96
0 -99 104
1 118 106
1 69 103
0 -116 109
1 91 102
1 158 97
1 86 94
0 -97 107
1 102 99
1 90 100
0 -100 106
1 97 106
0 -93 98
0 -106 99
0 -96 97
1 93 102
1 107 100
1 103 97
1 97 106
0 -85 89
0 -86 98
0 -105 86
0 -103 96
1 97 105
0 -101 95
1 92 92
1 104 106
1 128 97
1 102 110
0 -112 102
1 116 90
1 100 101
1 97 93
1 104 95
0 -92 105
1 134 103
0 -98 108
1 112 100
0 -103 100
0 -97 109
1 115 109
0 -100 116
1 68 102
1 86 101
0 -90 94
0 -112 94
1 83 106
1 112 99
0 -116 112
0 -111 87
0 -108 113
0 -96 96
1 112 100
0 -121 100
0 -91 106
1 118 98
0 -86 107
0 -86 114
0 -99 103
1 86 98
1 83 94
0 -101 110
0 -89 107
0 -100 92
0 -91 98
1 120 104
0 -81 252
0 -75 101
1 123 97
0 -89 113
1 109 109
1 113 95
0 -85 124
0 -109 93
1 87 103
0 -112 95
0 -95 97
1 73 93
1 92 95
1 87 97
1 75 98
0 -101 96
1 98 112
0 -92 102
1 86 101
0 5 100
1 88 105
1 109 104
0 -91 101
0 -98 106
0 -94 97
0 -98 109
1 89 100
0 -116 105
1 120 97
1 117 102
1 113 105
1 81 106
0 -95 96
1 74 106
1 127 93
1 104 98
0 -110 77
1 98 98
1 75 107
0 -100 92
0 -105 107
1 81 94
0 -99 99
1 97 101
0 -100 96
0 -116 96
1 106 106
0 -108 98
1 126 99
1 106 103
0 -106 98
0 -78 90
1 127 97
0 -90 106
1 115 107
1 96 90
0 -100 102
1 97 100
0 -101 95
0 -77 86
0 -100 79
0 -95 101
0 -91 121
1 98 98
0 -101 82
1 98 94
1 111 99
0 -108 115
0 -91 95
0 -114 101
0 -89 90
0 -91 100
0 -86 97
1 115 101
0 -92 113
1 91 101
0 -108 103
0 -90 101
1 57 94
0 -102 108
0 -94 90
1 71 100
0 -96 94
0 -93 79
1 131 99
1 93 108
0 -122 81
1 90 103
0 -113 79
1 66 101
1 113 102
1 107 103
0 -103 95
0 -109 114
1 92 103
1 92 102
1 97 89
0 -109 86
0 -117 101
0 -101 118
1 115 105
0 -99 89
1 95 89
1 100 99
0 -104 123
1 70 103
0 -113 98
1 112 98
0 -88 105
0 -95 97
1 90 108
1 97 98
0 -89 88
0 -110 112
1 108 96
0 -73 102
0 -98 92
0 -96 109
0 -86 74
0 -112 107
0 -116 90
0 -100 114
1 103 109
1 91 95
1 84 98
0 -95 114
0 -111 92
0 -103 123
1 114 104
1 108 93
1 73 102
1 89 96
1 123 101
1 99 99
1 111 105
1 87 99
1 99 102
1 98 99
0 -108 82
1 94 102
1 115 102
1 98 100
0 -87 85
1 84 89
1 92 98
0 -106 97
0 -94 96
1 87 98
0 -108 93
1 87 107
1 96 106
1 144 105
1 129 88
0 -91 114
0 -95 114
0 -102 97
0 -86 112
1 114 100
1 99 101
0 -108 95
0 -105 100
0 -108 96
1 122 102
1 122 102
1 121 108
1 85 104
1 95 105
0 -101 278
0 -92 97
0 -92 98
1 119 94
1 104 96
0 -86 102
0 -87 97
0 -85 115
1 100 98
1 108 97
0 -84 90
0 -105 113
1 116 103
1 85 112
1 101 100
0 -94 93
0 -105 98
0 -116 120
0 -100 90
0 -101 102
1 111 112
0 -107 98
0 -101 114
0 -96 91
1 -208 103
1 95 100
0 -100 82
1 107 101
0 -109 93
0 -98 103
1 96 98
0 -91 104
0 -89 101
1 92 100
0 -95 100
0 -87 100
1 120 99
0 -119 104
1 96 99
1 52 93
0 -107 86
0 -100 103
0 -91 100
0 -95 105
1 92 90
1 105 107
0 -98 119
1 107 98
1 106 102
0 -95 110
1 96 102
1 82 108
1 95 106
0 -95 100
1 102 99
1 83 108
0 -98 102
1 113 103
1 111 95
0 -97 104
0 -99 95
0 -104 93
1 92 102
1 106 105
0 -112 99
1 87 107
0 -98 109
1 93 102
0 -110 92
1 100 93
0 -95 84
1 97 94
1 104 98
0 -100 97
1 66 94
1 111 106
0 -97 105
1 113 96
1 119 102
0 -99 104
1 149 101
1 98 104
1 112 96
0 -108 100
0 -85 106
1 90 101
0 -89 109
0 -99 95
1 103 107
0 -101 98
1 92 106
0 -107 96
0 -109 106
0 -91 94
1 92 100
1 97 95
0 -107 105
0 -90 94
1 97 93
0 -91 98
1 102 104
1 99 97
1 135 105
1 130 105
0 -123 97
0 -106 99
0 -83 109
1 86 96
0 -96 119
0 -104 108
1 90 99
1 125 96
1 106 85
0 -100 131
0 -79 92
1 90 109
0 -111 99
1 112 97
1 103 104
1 98 91
0 -113 87
1 95 94
1 86 100
0 -114 86
1 103 105
1 87 99
0 -107 96
1 80 95
1 94 97
0 -101 87
1 130 106
1 71 96
1 104 96
0 -101 128
1 93 101
1 89 93
1 102 105
0 -125 87
1 105 97
0 -90 94
1 101 107
1 143 90
0 -97 110
0 -97 96
1 103 105
0 -102 110
0 -70 110
1 82 100
1 83 95
0 -97 108
1 106 109
1 110 93
1 114 93
1 92 99
0 -94 95
1 121 91
1 107 94
0 -90 79
1 103 95
1 118 95
1 111 98
1 84 101
1 115 107
1 122 97
0 -86 85
1 95 95
1 75 103
1 104 96
1 95 98
0 -104 108
0 -86 109
0 -93 101
1 99 101
1 92 100
0 -109 95
0 -97 102
0 -96 98
1 86 97
0 -109 101
0 -99 96
0 -94 102
1 95 105
0 -89 106
0 -103 86
1 91 102
1 116 106
1 109 103
1 106 92
0 -109 106
0 -99 87
1 112 99
1 120 95
0 -109 107
1 103 106
0 -81 92
1 117 98
1 116 95
0 -104 100
1 89 102
1 87 104
1 72 95
0 -110 99
0 -111 110
1 93 100
1 95 107
1 99 92
0 -113 107
0 -97 101
0 -91 88
0 -97 85
1 107 95
0 -100 83
1 122 97
0 -93 92
0 -99 97
1 56 94
1 107 99
1 80 100
1 62 101
0 -98 90
0 -104 107
1 106 97
1 88 96
0 -121 87
0 -107 113
0 -102 96
0 -109 104
1 120 95
1 102 100
1 80 99
1 84 101
0 -102 108
0 -85 98
1 108 98
0 -102 106
0 -118 101
1 111 105
1 112 95
1 100 91
1 108 98
1 103 96
1 89 109
0 -128 110
1 109 105
1 78 103
0 -97 97
0 -117 91
0 -81 109
1 129 103
0 -87 121
1 91 100
1 92 100
1 97 105
1 88 90
1 125 107
1 79 109
1 101 102
1 93 101
1 111 94
0 -113 99
0 -80 98
1 93 98
1 80 98
1 120 104
0 -99 105
0 -87 106
1 96 104
0 -106 99
0 -104 113
0 -95 107
0 -106 104
1 84 99
1 87 103
1 97 100
0 -90 101
1 104 94
1 93 112
0 -93 106
1 146 96
1 72 95
0 -103 107
1 68 99
0 -105 112
1 108 102
0 -89 97
1 102 103
1 79 100
0 -94 110
1 93 100
0 -99 105
0 -92 89
0 -105 85
1 120 94
0 -125 83
0 -98 108
0 -122 110
1 101 107
1 113 102
1 102 102
0 -112 81
1 125 110
1 101 102
0 -107 99
1 98 98
0 -99 99
0 -104 120
1 97 103
1 108 102
1 93 110
0 -105 105
1 107 106
1 98 97
1 92 92
1 88 98
1 118 108
0 -100 96
0 -73 112
1 101 91
1 125 109
1 99 94
0 -98 95
0 -90 85
1 107 94
0 -105 104
1 111 97
1 112 92
1 105 103
1 98 105
1 106 99
1 103 102
0 -91 87
0 -104 95
1 65 103
1 89 100
1 93 101
0 -102 99
0 -96 94
1 96 112
0 -105 103
0 -103 101
1 79 100
1 89 103
0 -114 92
0 -97 111
0 -104 79
0 -101 106
1 97 87
0 -114 112
1 89 104
0 -105 106
1 107 99
0 -89 115
1 96 100
1 94 97
0 -101 105
1 79 95
0 -97 89
1 95 101
1 87 101
1 78 100
0 -107 118
1 119 90
1 87 102
1 84 95
0 -98 98
0 -100 95
1 126 103
0 -102 89
1 105 103
0 -101 89
0 -87 100
1 113 93
0 -77 105
1 95 107
1 -51 99
0 -112 115
1 101 96
1 80 96
0 -93 105
0 -110 103
0 -115 91
0 -103 103
1 126 101
0 -88 101
0 -98 95
0 -100 115
0 -86 91
0 -89 93
1 76 102
1 100 99
0 -91 103
0 -100 91
1 74 101
0 -103 104
1 131 96
0 -104 96
0 -110 105
0 -112 111
0 -78 94
1 120 100
0 -101 103
1 78 104
0 -102 106
0 -92 111
1 88 95
1 91 93
1 107 102
1 103 93
1 100 96
0 -101 91
0 -102 108
0 -90 97
0 -95 112
0 -111 99
1 103 101
0 -112 86
1 75 91
0 -104 98
1 108 101
0 -95 97
1 110 98
0 -99 101
1 88 95
1 95 108
1 96 94
1 79 103
1 108 95
1 112 96
1 92 100
1 120 96
1 97 98
0 -112 103
0 -107 113
0 -99 94
1 119 97
0 -119 100
0 -110 117
1 79 93
1 130 103
1 100 95
0 -95 89
1 93 97
1 82 96
0 -95 107
0 -104 102
1 105 102
1 129 88
1 101 104
1 115 95
0 -106 90
0 -113 94
1 91 107
0 -104 95
1 90 102
1 107 102
1 114 102
0 -115 96
1 84 100
0 -90 117
0 -115 108
0 -105 99
1 90 99
0 -108 115
0 -106 97
0 -98 88
0 -89 89
1 88 102
0 -100 95
0 -109 108
0 -93 93
1 119 99
1 93 94
1 130 105
0 -105 109
0 -87 96
0 -92 99
0 -100 105
1 117 99
1 91 97
0 -83 106
0 -92 105
1 87 104
0 -98 91
1 101 97
0 -100 112
1 103 97
1 102 107
0 -106 79
1 100 115
1 105 94
0 -112 97
1 115 5
1 128 105
0 -95 99
1 111 98
0 -107 94
0 -105 100
0 -98 102
0 -83 81
1 120 97
0 -101 99
1 92 100
1 76 97
0 -111 117
0 -110 105
0 -87 102
1 80 105
0 -90 116
0 -99 110
1 111 100
0 -94 98
1 88 103
1 91 98
0 -86 111
1 103 101
0 -100 101
1 74 105
0 -82 92
0 -91 107
1 112 95
1 94 98
0 -102 89
1 132 101
1 82 95
1 100 107
1 92 100
0 -89 108
0 -98 86
1 93 97
0 -83 80
0 -87 89
1 98 98
0 -116 85
1 97 111
0 -94 104
0 -110 96
0 -113 90
0 -112 113
0 -111 105
1 114 101
1 122 104
1 90 107
1 97 95
0 -85 98
0 -114 118
0 -104 86
0 -109 93
0 -109 111
1 103 99
0 -89 105
1 117 101
1 95 106
0 -93 96
1 96 97
0 -98 89
0 -92 101
1 81 95
1 77 102
1 102 108
1 95 102
1 88 102
0 -87 97
1 71 97
1 127 93
0 -114 96
0 -96 103
1 80 98
1 109 98
1 110 106
1 102 88
0 -74 90
1 97 107
1 113 102
0 -99 106
1 107 92
1 88 90
0 -117 115
0 -91 94
0 -80 113
0 -107 112
1 101 102
1 96 103
1 71 98
0 -95 92
1 108 99
1 106 92
1 76 97
0 -111 88
1 107 105
0 -100 107
0 -110 100
1 87 107
1 88 106
0 -99 120
0 -103 105
1 138 97
0 -91 94
1 105 101
1 107 93
0 -77 96
1 78 85
0 -119 97
1 97 102
1 109 106
1 116 109
1 103 112
0 -100 101
0 -104 84
1 88 104
0 -100 115
1 105 104
0 -113 94
0 -98 94
1 93 99
1 90 93
1 95 99
1 66 90
1 86 103
1 112 96
1 99 93
1 113 100
0 -89 108
0 -93 99
0 -96 109
1 109 94
1 111 101
0 -86 98
0 -92 97
0 -97 115
0 -118 110
1 96 108
1 66 93
1 97 101
1 87 89
1 125 103
0 -103 105
0 -92 96
0 -80 88
1 105 104
1 101 103
0 -119 117
0 -111 76
0 -92 88
0 -86 101
1 123 96
1 103 101
1 72 98
1 69 96
1 110 96
1 116 93
1 107 104
0 -96 99
0 -96 123
0 -108 120
1 71 103
1 120 100
0 -107 109
0 -115 100
0 -100 112
0 -102 110
1 69 95
1 117 106
1 130 104
1 95 95
1 90 93
1 73 91
0 -90 98
0 -104 111
1 102 90
0 -108 94
0 -69 91
1 103 97
0 -82 96
0 -105 96
1 99 102
1 91 93
0 -99 115
1 119 105
0 -89 107
1 106 96
1 123 97
1 98 95
0 -101 102
0 -106 112
0 -104 96
1 80 102
1 95 95
1 94 103
1 96 99
0 -97 104
0 -105 96
0 -115 100
1 124 102
1 94 103
1 111 102
0 -103 99
1 116 104
1 121 109
1 120 101
0 -108 104
1 89 96
1 112 106
0 -90 91
0 -92 106
0 -100 92
0 -103 84
1 90 103
0 -94 119
1 77 104
0 -82 108
1 87 93
1 119 105
1 111 101
1 105 98
0 -116 118
1 120 101
1 76 99
1 103 94
1 122 101
1 97 98
1 79 95
0 -112 102
0 -97 82
1 98 95
0 -99 108
0 -90 96
1 90 104
0 -97 110
1 101 99
0 -92 107
0 -104 101
1 97 99
0 -107 94
0 -105 120
1 81 98
1 90 96
1 96 102
0 -105 110
1 85 97
0 -103 108
0 -99 98
1 105 98
1 113 95
1 128 99
0 -91 96
0 -96 104
1 95 99
0 -106 81
1 99 100
0 -98 107
1 102 94
0 -102 90
1 76 106
0 -105 107
1 70 106
1 91 106
1 92 103
1 85 98
0 -92 101
1 99 100
1 118 98
1 77 105
1 107 93
1 94 100
0 -112 90
1 94 110
0 -83 92
0 -105 93
1 104 91
1 126 99
1 101 97
1 112 104
0 -114 119
0 -85 96
1 106 97
0 -93 102
0 -110 101
0 -104 111
1 145 102
1 86 115
0 -94 77
0 -111 81
1 88 99
1 83 100
1 118 100
0 -112 94
1 81 100
0 -100 113
1 100 100
1 118 94
1 92 95
1 100 96
0 -81 77
1 87 108
1 85 101
0 198 98
0 -102 104
1 108 96
0 -94 101
1 95 100
0 -118 96
0 -100 108
1 90 104
0 -93 103
0 -84 84
0 -125 111
1 113 96
0 -109 105
1 112 98
1 106 96
0 -100 81
0 -104 97
1 83 98
1 111 101
1 132 100
1 98 96
0 -87 105
1 90 102
0 -117 92
1 71 102
0 -99 103
1 90 94
0 -98 94
1 96 101
0 -89 101
1 110 100
1 107 99
1 75 100
1 95 97
0 -106 94
1 102 95
1 63 100
0 -99 110
1 89 98
0 -105 107
1 89 105
0 -110 102
1 101 101
1 98 95
1 112 101
0 -105 96
1 116 94
1 108 104
1 94 100
1 90 105
1 131 94
1 121 104
0 -94 99
0 -122 93
0 -99 110
0 -104 83
0 -94 91
0 -104 114
1 92 104
0 -95 96
1 108 100
0 -108 106
1 108 99
1 99 97
1 102 103
0 -85 96
1 99 97
1 105 97
1 91 98
1 81 108
0 -110 97
0 -104 87
1 86 105
1 93 105
1 90 104
0 -107 112
1 96 100
1 92 97
1 121 98
0 -104 93
1 97 98
0 -96 119
1 107 104
1 119 105
0 -107 95
0 -98 81
0 -96 90
1 120 93
1 110 98
1 131 93
0 -102 98
0 -90 105
1 103 105
0 -102 93
0 -101 98
0 -104 95
1 92 87
1 121 94
0 -104 101
1 96 96
1 105 98
0 -98 98
1 77 97
0 -100 113
1 85 104
0 -112 91
0 -100 83
1 87 97
1 106 99
1 85 106
1 108 108
1 105 99
1 111 103
0 -99 108
1 133 96
1 85 89
0 -115 104
1 90 101
0 -96 100
0 -91 92
1 127 101
0 -90 87
0 -105 93
1 117 96
0 -98 92
1 121 102
0 -87 100
0 -78 115
0 -102 105
0 -92 112
1 84 97
0 -85 93
1 110 98
0 -108 95
0 -104 106
1 95 99
1 110 93
1 115 100
1 113 99
0 -78 218
0 -109 98
1 105 94
0 -103 102
0 -89 101
1 109 97
0 -95 89
0 -116 91
0 -97 244
0 -107 102
1 83 91
0 -97 113
1 95 104
1 94 94
1 112 108
0 -100 89
1 85 107
1 89 105
1 108 97
1 79 97
1 132 101
0 -94 111
0 -96 99
0 -88 98
1 96 93
0 -107 88
0 -102 109
1 94 91
1 81 97
0 -95 89
1 107 101
0 -89 104
1 112 92
0 -101 109
1 126 99
0 -95 97
1 88 99
0 -101 99
0 -106 119
0 -101 96
1 108 105
0 -92 94
1 82 91
0 -95 110
0 -119 90
1 107 102
1 74 106
1 96 95
1 73 100
1 86 97
1 70 102
1 102 106
1 79 97
1 120 104
1 103 103
0 -88 98
1 88 107
0 -104 99
1 109 98
1 95 94
1 99 98
0 -95 107
1 83 95
0 -97 115
0 -76 98
1 120 101
1 122 105
0 -96 109
0 -105 82
1 81 104
1 97 100
1 91 110
0 -106 89
0 -89 86
0 -100 91
0 -121 93
1 92 109
1 84 110
1 89 97
0 -98 169
1 105 100
0 -110 106
0 -99 97
1 76 99
0 -113 95
1 103 105
0 -99 100
0 -109 89
1 76 91
0 -83 127
1 120 107
0 -103 106
1 105 102
0 -95 111
0 -101 100
0 -114 121
0 -102 96
0 -112 111
0 -118 94
0 -100 103
1 113 106
1 91 94
0 -103 93
1 100 94
0 -109 85
1 116 100
1 78 92
1 105 98
1 104 94
1 111 101
1 122 98
0 -103 96
0 -89 107
1 115 102
0 -97 101
1 110 99
0 -110 114
1 96 98
1 109 99
0 -103 86
0 -113 105
0 -98 111
0 -124 104
0 -102 107
1 121 101
0 -94 101
0 -96 100
0 -94 111
1 109 87
1 120 94
0 -94 104
1 80 101
0 -112 96
1 82 107
1 82 99
0 -108 97
1 95 97
1 110 97
0 -90 108
0 -104 116
1 99 102
0 -114 89
0 -105 86
1 78 96
0 -99 96
1 115 105
1 96 105
0 -108 88
1 109 101
1 88 104
0 -88 127
1 102 100
0 -96 68
0 -94 103
1 112 105
0 -97 83
1 123 104
0 -94 96
0 -106 92
0 -96 101
1 103 102
1 108 105
0 -94 102
0 -103 104
0 -80 100
1 73 105
0 -106 109
1 114 110
1 125 92
0 -97 104
1 91 115
0 -105 113
0 -102 101
1 85 101
0 -93 107
1 83 103
1 92 99
0 -90 100
1 111 106
1 110 102
0 -100 91
1 94 100
0 -109 111
1 90 103
0 -97 98
0 -86 92
1 101 102
1 102 104
1 87 95
1 117 105
0 -107 87
1 77 96
0 -110 95
1 114 102
0 -112 110
0 -102 95
1 97 112
1 95 103
1 78 95
0 -112 102
0 -103 86
1 78 103
1 78 101
1 96 104
0 -106 88
0 -91 92
1 133 97
0 -95 104
1 95 104
0 -116 82
0 -93 114
0 -106 96
0 -97 110
0 -100 106
1 110 104
0 -101 115
0 -108 97
0 -103 99
1 67 106
1 81 99
0 -105 108
1 110 99
0 -106 81
0 -72 98
1 113 104
0 -96 116
0 -95 96
0 -110 117
1 110 99
1 73 108
0 -106 93
0 -99 97
1 104 98
1 83 101
0 -110 111
1 105 105
0 -87 106
1 92 101
0 -110 104
1 117 102
0 -100 82
1 96 101
0 -110 93
1 105 96
0 -103 101
0 -98 103
0 -107 98
1 84 104
1 106 105
0 -97 106
1 92 96
0 -112 107
1 82 98
0 -102 98
1 85 95
0 -109 93
1 115 87
1 97 104
0 -117 102
0 -88 93
1 100 93
1 95 101
0 -120 88
0 -115 109
0 -86 91
1 92 97
1 105 95
0 -111 90
0 -97 90
0 -79 101
0 -89 124
1 103 104
1 95 103
0 -103 110
0 -105 81
0 -98 99
0 -97 98
1 80 96
0 -101 105
0 -103 89
1 88 101
1 123 105
0 -87 106
0 -86 111
1 77 101
0 -106 106
1 89 103
1 111 103
1 102 104
0 -102 102
1 104 100
0 -102 118
0 -89 92
0 -115 110
1 71 97
1 123 95
0 -109 116
1 94 97
1 85 237
0 -100 90
0 -107 87
1 78 104
1 122 104
1 113 92
1 130 108
1 99 110
1 81 104
1 90 102
1 98 114
1 91 105
1 91 93
0 -105 125
0 -96 119
0 -89 110
1 97 102
1 109 99
1 95 103
1 98 104
0 -120 101
0 -120 93
1 98 99
0 -85 104
1 123 98
0 -116 100
1 109 99
1 129 96
0 -105 93
1 85 98
1 88 97
1 98 106
1 98 99
0 -119 101
1 117 90
0 -104 92
0 -90 101
0 -100 101
1 110 97
0 -115 81
0 -106 95
0 -99 137
0 -110 102
1 86 105
1 76 100
1 117 94
0 -105 86
0 -100 88
0 -87 96
1 89 96
0 -98 109
0 -95 101
0 -92 103
1 96 97
1 77 91
1 123 91
0 -115 111
1 102 103
0 -98 114
1 81 102
1 90 96
0 -95 91
0 -107 108
0 -103 96
0 -92 91
0 -120 90
1 107 95
0 -82 90
1 118 96
1 105 101
0 -94 106
1 94 103
1 120 95
1 116 102
1 90 98
1 91 96
0 -96 86
1 113 106
0 -106 94
1 111 99
1 112 106
0 -98 97
0 -85 107
1 74 103
1 102 106
0 -108 84
0 -97 95
0 -86 99
1 88 96
1 105 99
1 81 89
0 -96 93
1 104 98
1 99 100
1 79 101
0 -87 92
0 -110 108
0 -93 90
1 128 102
0 -97 118
1 97 105
1 130 94
0 -99 94
1 88 97
0 -100 94
0 -98 98
1 114 99
1 107 92
1 115 100
0 -93 104
1 90 99
1 103 98
1 111 107
1 96 106
1 110 106
0 -100 124
1 95 94
1 92 105
0 -91 84
1 90 110
1 99 95
1 114 94
0 -105 91
0 -106 92
1 90 104
1 125 102
1 105 104
0 -102 103
0 -100 95
0 -78 88
1 106 104
1 130 106
0 -95 89
1 107 107
0 -95 99
0 -101 95
1 119 101
0 -104 93
0 -92 117
0 -91 105
1 108 109
0 -117 108
1 108 101
1 121 104
0 -120 104
1 89 101
0 -116 100
0 -88 114
1 92 104
1 103 94
1 124 107
0 -98 102
0 -106 116
1 68 99
1 109 99
1 99 95
0 -113 102
0 -107 92
0 -117 102
0 -102 92
0 -109 105
1 120 91
1 102 100
0 -108 105
1 95 97
1 95 96
0 -85 89
0 -114 91
0 -92 94
1 89 110
0 -112 95
0 -94 79
0 -86 108
1 114 97
1 97 106
0 -85 100
1 110 104
0 -84 94
0 -97 98
1 131 97
1 73 105
1 115 110
1 124 88
1 102 104
1 102 99
1 107 106
0 -99 97
0 -99 91
1 103 104
1 124 105
0 -105 91
1 99 98
0 -93 118
1 63 101
0 -80 95
1 97 92
1 82 97
1 90 102
1 103 93
0 -104 93
1 107 97
0 -104 109
0 -94 100
0 -91 112
1 87 95
1 115 100
0 -96 112
1 105 103
1 107 98
1 72 109
1 119 107
0 -107 104
1 109 102
1 93 103
1 76 99
1 72 102
0 -92 105
1 99 101
0 -100 102
1 104 101
1 122 106
1 116 101
0 -106 106
1 97 96
1 93 98
0 -100 86
1 112 96
0 -91 99
0 -101 81
0 -94 90
1 96 95
0 -104 99
0 -111 86
0 -101 99
1 108 96
1 98 101
0 -102 109
1 102 97
1 97 102
0 -99 94
1 115 101
0 -95 110
0 -106 84
1 88 109
0 -83 94
0 -102 102
0 -101 90
1 88 99
1 118 107
0 -103 105
1 110 94
0 -90 91
0 -105 102
1 86 96
0 -94 101
1 96 92
0 -93 127
1 135 106
1 91 92
1 94 103
0 -117 102
0 -123 111
1 117 98
0 -99 77
0 -93 103
0 -90 92
1 82 101
0 -87 96
1 76 99
0 -102 97
1 77 96
0 -97 103
0 -83 97
1 112 90
1 83 98
1 118 104
1 107 95
0 -96 100
1 99 101
1 95 93
0 -86 110
0 -105 107
1 108 94
1 116 100
1 91 101
0 -97 100
0 -109 100
1 112 95
0 -104 99
1 99 95
0 -105 77
0 -103 99
0 -100 104
0 -113 93
1 106 101
0 -102 82
0 -114 116
0 -114 116
1 96 100
1 93 110
0 -102 91
1 103 101
1 85 95
0 -89 99
0 -92 96
1 102 104
1 84 99
0 -88 96
0 -103 103
1 106 103
0 -109 98
1 93 96
0 -109 109
0 -116 101
1 87 102
1 114 106
1 103 99
1 96 103
0 -99 115
0 -264 109
0 -99 110
1 89 106
1 91 103
0 -109 74
1 90 90
0 -107 93
1 84 104
1 84 102
0 -91 103
1 112 89
1 89 102
0 -69 91
0 -98 96
1 110 103
1 97 98
0 -96 102
0 -100 104
0 -97 94
1 104 111
0 -103 105
1 104 106
1 92 100
1 92 98
1 118 102
0 -99 98
1 98 103
1 107 105
1 113 98
0 -102 85
0 -115 93
1 95 95
1 98 105
1 86 103
0 -101 112
1 104 92
0 -118 113
0 -94 118
1 105 108
1 109 103
1 113 99
0 -118 98
1 138 98
1 100 97
0 -107 95
1 105 100
1 83 96
1 106 97
1 104 104
0 -100 101
1 91 112
1 114 106
1 101 96
0 -117 92
1 79 107
1 117 95
0 -108 94
0 -108 89
1 91 113
1 79 101
1 129 102
1 97 103
0 -84 99
1 117 100
0 -96 79
0 -116 96
0 -110 98
1 100 100
1 88 99
0 -104 104
0 -113 80
1 107 105
0 -89 101
1 91 103
1 130 105
0 -126 82
1 115 107
1 115 108
0 -88 83
0 -106 95
1 102 107
0 -102 103
0 -109 102
0 -116 102
1 95 102
0 -112 98
1 83 106
0 -112 101
1 121 100
0 -89 97
0 -108 100
1 101 101
1 127 98
0 -214 93
0 -90 98
1 108 96
0 -113 108
1 89 107
0 -108 94
1 102 212
0 -94 92
1 114 90
1 102 104
0 -108 102
0 -102 96
1 100 111
0 -93 109
0 -88 49
1 125 101
0 -123 98
0 -89 102
1 103 106
0 -104 92
0 -103 91
0 -111 95
0 -122 103
0 -109 93
0 -104 119
1 93 102
0 -74 81
1 87 94
1 71 99
0 -120 92
0 -111 101
1 100 100
1 103 104
1 83 102
1 104 95
0 -109 110
1 96 99
0 -106 98
0 -88 93
1 91 110
0 -103 86
0 -95 112
1 99 97
1 106 93
0 -102 107
0 -108 100
0 -100 101
1 85 96
0 -105 94
0 -99 90
0 -98 103
1 96 100
0 -106 107
1 90 90
0 -90 107
0 -98 88
1 90 99
0 -100 79
1 107 102
1 64 98
0 -108 77
1 106 107
0 -107 118
1 116 107
1 108 97
1 113 103
0 -94 115
0 -101 111
0 -111 91
1 98 104
1 124 101
0 -108 108
1 101 88
0 -100 102
1 116 99
0 -103 91
0 -117 96
1 127 103
1 116 99
1 94 101
1 83 104
0 -95 114
1 113 98
0 -102 83
0 -103 118
1 81 94
0 -97 95
1 92 102
0 -99 94
1 97 104
1 83 92
0 -95 106
0 -114 91
1 119 93
1 89 105
0 -99 121
1 121 103
0 -96 101
0 -109 101
1 99 98
1 125 101
0 -108 77
0 -96 90
1 114 99
1 109 106
1 102 105
1 91 108
0 -108 92
0 -117 103
0 -96 102
1 104 102
0 -113 92
1 127 98
0 -113 85
0 -105 113
0 -113 95
0 -75 107
1 106 106
1 91 101
0 -117 92
1 86 103
1 91 91
0 -94 88
1 93 90
0 -90 88
1 110 104
0 -103 96
0 -103 92
1 96 106
1 100 98
0 -101 114
1 91 97
1 73 111
1 100 98
0 -104 106
1 114 96
0 -110 104
1 101 97
0 -109 99
1 77 101
0 -111 118
0 -105 101
1 98 99
1 133 98
0 -102 90
0 -99 98
1 86 108
1 101 94
0 -94 96
0 -103 103
1 104 101
0 -107 110
0 -91 94
0 -84 118
0 -87 92
1 109 99
0 -114 88
1 99 108
0 -97 99
1 116 91
0 -99 95
1 114 105
1 102 92
1 71 99
0 -92 112
0 -105 101
1 96 102
1 76 96
1 88 107
1 110 99
1 91 100
1 110 101
1 113 98
1 86 105
1 88 98
1 89 106
0 -103 101
1 81 105
0 -114 106
1 119 95
1 92 102
0 -103 81
0 -83 111
1 106 104
1 90 104
1 105 101
0 -118 111
1 90 94
0 -102 108
1 102 100
1 99 105
0 -100 92
0 -114 103
1 92 102
0 -110 102
1 95 91
0 -93 103
1 97 102
0 -107 121
0 -90 101
1 111 94
0 -121 102
1 87 88
1 102 106
0 -103 106
1 112 99
0 -108 83
0 -88 89
1 110 94
1 93 104
1 81 99
1 97 98
0 -95 102
1 78 96
1 79 108
1 75 97
1 115 87
1 101 98
1 81 103
0 -106 101
1 95 98
1 104 95
0 -103 103
1 109 98
0 -118 99
0 -101 98
0 -91 110
1 87 95
1 93 106
0 -119 94
0 -98 97
0 -81 108
0 -108 97
1 75 98
1 85 102
1 107 101
0 -108 109
1 92 111
0 -91 88
0 -110 116
0 -96 111
0 -97 107
0 -87 97
1 121 91
0 -96 83
1 103 95
0 -106 110
1 89 87
0 -104 111
0 -98 100
0 26 104
1 64 111
1 91 102
1 94 98
0 -100 126
1 120 92
0 -96 109
0 -101 87
0 -102 92
1 126 108
0 -95 83
1 106 102
1 104 91
0 -91 105
1 85 104
1 85 97
0 -105 116
1 97 99
1 81 96
0 -105 112
0 -86 97
1 103 94
0 -96 93
1 92 105
1 84 97
0 -106 115
1 127 102
0 -104 94
0 -112 93
0 -112 89
0 -105 102
0 -110 92
1 84 98
0 -114 101
1 87 108
1 105 96
0 -116 104
1 99 101
1 106 105
1 105 99
1 83 93
0 -116 100
1 116 99
0 -80 105
1 94 100
1 109 96
0 -113 100
1 86 105
0 -91 102
1 124 98
0 -102 106
0 -105 99
0 -96 104
1 87 98
0 -97 108
0 -109 113
1 110 102
0 -97 94
1 98 108
0 -107 117
0 -91 101
0 -100 111
0 -91 101
0 -117 111
0 -103 105
0 -98 90
1 105 101
0 -80 116
1 88 99
1 94 100
1 110 93
0 -109 112
0 -103 105
0 -86 126
1 87 94
0 -91 124
1 91 110
0 -110 96
1 83 95
1 90 96
1 105 99
0 -109 96
1 92 89
0 -92 100
1 117 101
0 -94 88
1 110 96
0 -100 95
0 -96 97
0 -84 109
0 -90 94
1 98 99
1 56 103
1 88 99
0 -110 113
1 106 109
1 113 101
0 -106 94
1 90 104
0 -109 105
0 -100 107
0 -88 101
1 115 110
0 -79 114
1 100 91
1 134 99
0 -112 88
0 -102 95
1 96 106
1 100 100
0 -89 104
1 86 103
0 -95 100
1 89 95
1 119 95
1 98 101
0 -100 100
0 -94 109
1 94 102
0 -87 94
0 -100 100
0 -93 96
0 -94 106
0 -104 100
1 105 100
0 -95 103
0 -105 105
0 -114 107
1 103 103
0 -94 91
0 -96 99
0 -101 95
0 -103 121
1 127 107
0 -104 99
0 -107 117
0 -97 99
0 -110 100
0 -95 96
1 118 108
0 -111 98
1 113 108
0 -107 105
0 -96 119
0 -109 94
0 -108 113
0 -113 105
0 -103 106
1 99 105
0 -107 91
1 85 96
0 -112 98
1 93 101
0 -100 98
0 -111 83
1 109 105
1 93 106
0 -89 98
1 75 99
1 87 104
0 -106 106
0 -88 97
0 -98 107
1 89 105
1 97 103
1 102 101
0 -95 108
0 -104 113
1 111 100
1 120 101
0 -93 110
0 -102 107
0 -111 112
0 -100 97
0 -109 98
0 -107 100
1 89 100
0 -108 100
1 121 104
0 -90 95
0 -103 96
0 -91 97
1 83 105
1 95 98
0 -109 117
0 -103 101
0 -96 113
0 -115 94
1 112 99
0 -99 101
1 70 106
0 -86 84
0 -94 97
0 -107 94
1 109 95
1 83 103
1 103 103
1 65 105
0 -88 109
1 103 111
1 102 102
0 -101 98
1 82 105
0 -109 105
1 95 99
0 -89 91
1 75 104
1 107 101
0 -109 99
1 101 87
0 -114 100
1 123 101
1 96 99
0 -104 108
1 85 100
0 -103 106
1 120 102
0 -101 97
0 -122 105
0 -93 104
1 106 111
1 111 99
0 -108 90
1 101 105
1 82 99
1 92 101
0 -106 100
1 104 98
1 97 96
1 95 96
0 -98 74
0 -105 91
1 92 96
0 -101 113
0 -88 92
0 -111 106
0 -105 99
0 -98 91
1 87 94
1 123 105
0 -85 110
0 -111 92
1 99 98
0 -103 91
0 -109 114
0 -96 77
1 99 101
1 85 107
0 -87 92
0 -99 103
1 74 99
0 -91 89
0 -80 -160
0 -118 108
1 102 105
1 86 93
0 -92 104
1 96 86
1 106 88
1 109 90
1 107 96
1 92 95
0 -99 104
0 -107 103
1 95 90
0 -107 108
1 91 112
0 -93 120
0 -97 93
1 108 92
0 -103 101
1 82 101
1 105 103
1 99 99
1 105 97
1 101 95
0 -102 107
0 -94 105
1 84 108
1 93 107
0 -90 89
1 71 97
1 92 100
1 100 105
1 132 103
0 -86 102
0 -91 101
0 -107 101
1 109 97
1 67 92
0 -99 100
0 -102 105
0 -94 102
0 -93 109
1 90 112
1 107 99
1 77 100
0 -91 103
0 -98 106
1 113 107
0 -109 98
0 -114 104
1 83 101
0 -114 119
1 110 93
0 -107 132
0 -94 99
0 -90 111
1 106 106
1 88 99
0 -119 113
0 -84 102
1 71 104
0 -118 80
1 90 94
1 123 101
1 122 105
1 122 103
0 -87 107
1 118 97
0 -99 123
1 72 90
0 -93 111
1 77 103
1 113 101
1 109 107
0 -108 105
0 -81 90
1 104 96
0 -94 98
1 87 102
1 93 187
0 -106 110
1 94 97
0 -111 95
1 99 101
1 94 99
1 78 103
0 -95 106
0 -89 103
1 85 103
1 96 95
1 92 99
1 117 109
1 125 106
0 -100 111
1 117 100
0 -113 74
1 83 99
1 98 102
0 -104 89
1 94 106
1 91 110
0 -95 104
1 124 100
0 -110 88
0 -102 88
1 102 107
0 -102 116
0 -99 98
0 -85 104
0 -108 100
1 72 104
1 117 109
0 -99 84
0 -98 92
1 85 89
1 95 100
0 -92 99
0 -100 96
0 -111 97
0 -88 84
1 106 103
0 -93 108
0 -83 111
1 113 102
1 85 96
1 99 109
0 -92 92
1 107 102
1 103 104
1 88 100
1 87 99
1 124 99
1 106 92
0 -120 127
1 114 107
1 72 100
0 -101 96
0 -106 95
0 -92 102
1 83 101
0 -110 80
0 -119 77
0 -93 87
0 -92 106
1 119 104
0 -124 102
1 94 89
1 91 94
0 -104 111
0 -102 96
1 101 103
1 103 102
0 -113 103
0 -102 99
0 -107 102
0 -106 108
0 -103 113
1 99 96
1 100 105
0 -110 105
1 93 105
1 83 108
1 95 100
0 -103 96
1 123 102
1 100 101
1 82 95
0 -87 99
1 91 101
1 84 105
1 95 103
1 107 99
1 80 97
1 89 104
0 -101 91
0 -105 102
0 -114 98
1 100 103
0 -98 111
0 -106 87
0 -106 93
1 91 94
1 75 104
0 -105 93
0 -91 104
1 117 99
1 100 103
1 89 102
1 109 107
1 103 98
1 100 108
0 -90 98
0 -113 96
0 -102 101
1 108 98
0 -103 96
1 94 92
1 95 103
0 -108 87
0 -98 106
0 -94 91
1 125 96
0 -96 118
0 -105 98
0 -88 86
0 -112 101
0 -112 96
0 -103 105
1 87 99
1 117 98
0 -113 86
0 -100 101
1 119 107
0 -114 106
0 -107 94
0 -101 104
0 -76 103
1 109 105
1 116 97
1 108 104
1 118 107
0 -107 97
1 105 100
1 106 89
0 -103 109
1 101 113
1 101 100
0 -97 105
1 83 97
0 -98 104
0 -105 104
1 97 104
0 -102 123
0 -99 114
1 102 101
1 114 96
0 18 97
0 -86 115
1 101 96
1 111 103
1 95 98
0 -93 109
0 -105 99
1 109 103
1 97 98
1 72 104
1 109 104
1 90 98
1 93 104
0 -99 116
0 -93 98
0 -102 97
1 80 104
0 -104 108
0 -84 110
1 94 98
0 -80 108
0 -127 83
1 100 110
0 -106 117
0 -100 111
0 -94 105
1 97 98
1 88 103
0 -92 93
1 98 105
1 79 97
1 150 104
1 85 112
0 -87 98
1 85 95
1 98 104
1 108 105
0 -92 83
0 -117 103
1 100 93
0 -93 91
0 -95 108
0 -108 84
0 -94 82
1 84 102
0 -94 88
1 132 88
0 -94 91
1 89 96
0 -105 99
1 93 105
1 101 102
0 -94 92
0 -92 92
0 -112 103
0 -81 109
1 110 96
1 69 97
1 105 101
0 -82 95
0 -85 105
1 96 103
0 -101 95
0 -90 93
0 -95 104
0 -101 101
1 105 100
0 -97 104
0 -99 112
1 96 104
0 -109 108
0 -115 88
1 73 93
0 -117 102
1 70 101
1 67 99
1 113 107
0 -109 97
1 111 106
1 76 99
0 -90 103
1 88 104
1 78 106
1 102 109
1 87 106
0 -91 123
0 -91 105
1 93 98
0 -98 95
1 65 103
1 106 113
0 -84 100
1 107 93
1 75 97
0 -106 105
1 99 103
0 -96 91
0 -112 98
1 80 103
1 103 101
1 96 101
0 -99 92
1 106 97
1 93 88
0 -94 114
0 -91 106
1 80 105
1 120 97
0 -119 117
0 -111 109
0 -117 114
1 89 104
1 106 95
0 -109 91
1 114 100
1 83 98
0 -94 95
0 -113 108
1 115 101
0 -89 111
1 88 92
1 87 102
0 -108 95
1 112 105
0 -92 106
1 101 92
1 90 97
1 95 97
1 108 93
0 -105 87
1 75 104
0 -103 94
0 -84 108
1 100 96
0 -97 95
1 101 95
1 116 96
0 -110 124
1 121 101
0 -105 104
1 118 103
1 102 102
0 -91 109
0 -118 89
1 88 91
0 -98 116
0 -108 114
0 -81 105
0 -104 106
1 107 96
0 -114 111
1 86 98
0 -98 87
1 122 105
1 95 103
0 -109 105
0 -105 99
0 -99 87
0 -88 113
0 -83 84
0 -97 92
1 94 98
1 108 94
0 -105 90
1 84 106
0 -91 105
0 -95 89
0 -96 105
1 92 105
1 91 96
0 -83 98
0 -103 98
1 108 97
0 -104 99
1 113 95
1 103 97
0 -81 98
0 -88 106
1 104 98
0 -86 118
0 -109 98
1 107 104
0 -103 94
0 -132 103
1 81 98
1 96 90
0 -89 92
1 94 94
1 115 97
0 -109 103
0 -112 114
0 -104 110
1 112 94
0 -105 89
1 113 101
1 112 103
1 118 106
1 76 91
0 -106 97
1 92 103
0 -115 95
1 116 98
1 98 105
0 -99 103
0 -96 93
1 118 101
1 99 110
0 -110 99
0 -103 94
0 -128 101
0 -115 85
0 -103 97
1 100 99
0 -74 99
1 106 110
1 105 106
0 -100 89
0 -102 114
0 -116 83
1 86 100
0 -121 106
0 -85 89
0 -90 91
1 101 103
1 95 100
0 -104 102
1 84 98
1 88 92
1 118 98
0 -96 99
1 76 96
1 106 96
0 -80 99
1 106 95
0 -101 94
1 122 102
0 -111 100
1 108 99
0 -95 106
0 -112 106
1 96 102
0 -113 105
0 -121 105
1 95 100
0 -96 94
0 -104 80
0 -114 98
0 -90 99
1 121 94
0 -98 102
0 -105 108
0 -101 90
0 -104 92
1 107 95
1 107 106
0 -92 115
0 -95 94
1 88 103
1 104 104
0 -106 101
1 95 107
0 -95 92
1 97 98
1 96 97
0 -128 90
1 104 103
0 -108 105
0 -98 91
1 97 104
1 101 104
1 110 107
1 119 101
1 106 100
1 78 99
0 -95 99
1 79 100
1 110 100
0 -104 109
1 103 101
1 92 93
1 84 93
0 -105 115
1 106 98
0 -111 95
0 -112 97
1 90 100
1 103 105
1 98 98
0 -99 93
0 -104 108
1 105 96
0 -101 99
1 110 91
0 -97 103
0 -98 96
0 -91 98
1 75 98
1 103 106
1 116 114
0 -110 101
0 -112 93
0 -112 92
1 88 96
1 69 100
0 -91 108
0 -104 105
1 82 101
1 109 100
0 -90 99
1 97 107
1 95 97
1 98 98
1 94 98
0 -110 94
1 95 93
1 86 102
0 -86 106
0 -99 105
0 -89 100
0 -98 100
1 113 93
0 -99 108
1 118 98
0 -94 112
0 -105 108
0 -92 107
0 -85 105
1 110 98
0 -95 100
0 -104 96
1 122 98
1 87 106
0 -92 88
0 -93 76
0 -104 109
1 84 101
1 104 101
1 106 100
0 -94 110
0 -119 93
1 89 105
0 -97 90
1 89 98
0 -96 91
0 -119 109
1 117 93
1 75 94
1 86 94
1 84 100
1 98 92
0 -100 107
0 -109 91
0 -104 103
1 108 98
0 -93 99
1 101 95
0 -95 88
0 -114 88
1 103 98
1 124 103
0 -93 83
0 -92 96
0 -98 101
0 -95 93
0 -116 101
0 -112 103
1 114 88
0 274 96
1 102 107
1 103 106
0 -94 111
0 -96 93
0 -91 106
1 113 89
1 112 103
0 -103 102
0 -100 95
0 -97 98
0 -100 101
0 -114 81
0 -89 99
1 114 109
1 94 100
0 -86 105
0 -113 103
0 -112 97
0 -110 113
1 106 102
0 -92 106
1 119 105
0 -100 115
0 -107 109
0 -106 109
1 92 103
1 113 99
0 -79 97
1 91 107
0 -109 112
0 -95 107
1 112 95
1 134 96
0 -107 85
0 -103 94
1 116 113
0 -105 102
1 109 110
1 115 95
0 -91 86
1 111 102
1 133 93
1 129 105
1 103 104
1 101 107
0 -95 96
0 -105 102
1 99 109
1 77 99
1 114 110
1 116 101
0 -104 111
1 68 97
1 69 94
0 -100 97
0 -112 101
1 126 98
1 86 96
1 133 101
0 -93 106
1 109 95
0 -93 108
1 108 106
0 -102 100
1 150 104
0 -103 111
1 102 96
1 97 100
1 105 95
0 -94 110
0 -94 109
1 108 103
1 89 99
0 -101 105
1 70 95
1 94 99
0 -83 113
0 -98 110
0 -87 98
0 -105 87
0 -101 89
0 -91 88
1 104 98
0 -87 92
0 -110 104
0 -97 97
1 109 101
0 -90 88
0 -88 97
0 -97 94
1 108 103
1 125 110
1 101 97
1 92 102
0 -92 100
0 -97 98
0 -101 82
1 92 98
0 -98 92
1 105 100
1 101 105
0 -91 91
1 88 104
1 100 102
1 89 103
0 -99 104
1 93 94
1 84 100
1 92 100
0 -86 94
0 -105 106
0 -105 79
1 95 103
1 95 100
1 128 102
1 92 95
1 124 96
0 -108 99
0 -100 109
0 -88 105
0 -96 98
0 -90 105
0 -84 98
1 -204 86
1 109 101
0 -110 99
0 -108 105
1 64 91
0 -121 106
1 118 109
1 101 104
1 82 101
1 105 101
0 -101 102
1 79 99
1 103 94
0 -80 83
1 101 101
1 96 108
0 -101 90
1 83 97
1 93 99
1 85 106
0 -126 86
1 84 101
1 85 89
1 90 109
0 -94 98
1 105 99
0 -105 105
1 84 98
0 -111 88
1 103 96
1 111 95
0 -99 113
0 -119 113
0 -111 101
1 78 94
0 -88 110
0 -92 94
1 84 104
0 -101 97
0 -99 115
1 98 102
1 113 101
1 82 99
0 -93 102
0 -89 91
1 105 103
1 102 105
0 -104 105
1 100 102
1 90 93
0 -104 109
0 -90 80
1 110 105
1 109 101
1 73 102
1 93 99
1 81 105
1 116 107
0 -97 114
0 -90 102
0 -99 98
0 -113 100
0 -108 111
1 55 99
0 -94 89
0 -105 96
0 -97 97
0 -116 97
1 86 99
0 -95 93
0 -100 110
1 75 33
1 107 95
1 114 92
0 -81 97
1 95 98
1 98 109
0 -95 105
0 -87 89
0 -96 220
1 90 99
0 -100 90
0 -97 101
1 87 99
0 -105 100
0 -111 111
0 -125 73
0 -118 94
1 107 98
0 -109 100
0 -105 90
1 92 89
0 -90 107
1 97 99
1 108 104
0 -94 101
0 -94 86
0 -85 94
1 117 104
1 117 98
0 -103 88
0 -110 97
0 -95 93
0 -96 98
1 99 98
0 -103 80
0 -74 95
0 -94 103
1 103 101
1 95 99
0 -101 111
0 -98 117
1 98 88
0 -99 94
0 -111 90
1 84 104
0 -112 90
1 92 114
1 89 102
1 68 105
1 132 100
0 -103 91
1 99 102
1 125 97
0 -107 104
0 -97 89
1 106 91
1 90 100
0 -109 120
1 111 99
0 -99 102
0 -102 104
0 -95 102
0 -93 90
0 -84 98
1 81 100
1 112 99
0 -84 122
1 110 104
1 91 95
1 100 95
0 -118 101
1 108 97
0 -98 78
0 -86 87
1 115 96
0 -96 98
1 114 107
1 95 105
1 70 99
1 94 100
1 96 96
0 -93 108
0 -106 106
1 110 111
0 -100 109
1 66 106
1 106 92
1 99 100
1 82 105
1 121 100
0 -114 95
1 114 110
0 -102 104
1 92 99
1 120 96
1 85 96
0 -97 104
1 109 92
0 -97 84
1 99 105
0 -97 115
1 107 97
0 -113 101
1 101 102
1 79 102
0 -109 116
1 104 95
0 -107 100
0 -96 93
1 98 90
1 95 103
0 -104 104
0 -117 92
1 110 94
1 82 104
0 -103 97
1 98 92
0 -104 95
1 107 91
1 113 101
0 -76 106
1 86 103
1 104 88
1 64 101
1 100 99
1 127 91
0 -87 102
0 -103 110
1 96 105
0 -85 105
0 -95 91
0 -98 100
0 -107 95
1 88 100
0 -109 97
1 106 102
1 87 108
1 93 96
1 122 96
1 108 98
0 -103 88
0 -99 110
1 107 103
1 105 94
1 77 101
1 95 104
1 111 104
0 -106 109
0 -112 101
1 105 98
0 -107 107
1 86 91
0 -88 105
0 -114 118
1 115 96
0 -98 104
1 108 99
1 86 97
1 95 101
0 -111 96
0 -99 93
0 -92 110
0 -97 75
1 97 104
0 -114 95
0 -115 84
0 -101 91
0 -103 106
0 -101 100
1 83 106
1 89 96
0 -210 91
0 -103 79
0 -89 123
0 -100 101
1 109 95
1 124 102
1 81 105
0 -85 95
0 -93 98
0 -113 116
1 112 109
1 94 102
0 -101 105
0 -94 115
0 -124 96
0 -108 90
0 -93 99
1 40 99
1 112 100
0 -98 90
0 -92 88
1 91 100
0 -88 103
1 102 98
0 -101 82
0 -91 126
1 93 102
0 -106 96
1 93 111
0 -96 97
0 -93 104
0 -106 99
0 -89 102
0 -89 103
1 87 101
1 94 93
1 112 99
1 99 98
0 -90 103
0 -109 75
0 -91 108
1 92 98
0 -89 104
0 -104 106
0 -96 104
0 -122 102
1 -174 97
0 -98 114
1 112 92
1 73 91
0 -105 109
0 -102 108
0 -93 106
0 -112 109
1 80 105
0 -115 108
0 -86 111
0 -116 95
0 -96 113
0 -104 93
0 -99 93
0 -106 114
1 119 108
1 128 96
1 105 95
1 109 104
1 114 88
0 -108 86
1 112 100
0 -96 104
1 94 99
1 107 99
0 -114 106
1 113 109
0 -103 106
0 -99 104
0 -96 93
0 -92 92
0 -107 101
0 -110 123
1 102 104
1 104 102
1 95 97
1 102 92
0 -109 98
1 94 106
0 -104 77
0 -107 99
0 -89 92
1 80 101
1 84 100
0 -91 111
1 84 101
1 98 91
0 -86 105
1 81 98
0 -90 93
1 95 101
0 -96 109
0 -95 115
1 79 103
0 -116 89
0 -139 99
0 -102 112
1 94 93
0 -98 108
1 95 102
1 101 102
1 117 96
1 142 106
0 -96 96
0 -107 106
0 -107 91
1 113 95
0 -97 89
1 105 90
0 -106 121
1 130 97
0 -98 111
0 -100 95
1 88 101
1 106 96
1 106 96
1 76 96
0 -90 105
1 103 96
1 113 100
0 -101 108
0 -105 109
0 -105 98
1 64 104
0 -109 106
1 107 103
1 106 94
0 -87 95
0 -105 101
0 -102 97
1 89 99
1 97 96
0 -104 114
1 107 100
0 -108 103
0 -89 94
0 -98 97
1 113 97
0 -98 98
1 86 102
0 -109 106
1 113 103
1 97 98
0 -108 94
1 92 96
0 -104 102
0 -113 103
0 -118 102
1 101 99
1 102 97
1 98 96
0 -109 86
1 101 101
1 86 108
1 73 99
0 -101 116
1 88 99
0 -96 108
0 -101 96
1 117 98
1 101 92
0 -108 85
0 -106 105
1 127 97
0 -103 111
0 -95 115
0 -106 100
0 -98 103
0 -89 96
0 -94 102
1 84 100
0 -99 105
1 113 99
0 -101 94
0 -98 113
0 -93 99
0 -85 102
0 -83 87
0 -101 91
1 97 96
1 122 102
1 131 89
0 -106 92
1 97 99
0 -116 98
1 106 98
0 -97 97
1 99 103
0 -95 112
0 -106 108
0 -119 107
1 88 109
0 -100 111
0 -102 93
1 115 101
0 -120 98
0 -98 109
1 75 100
1 84 95
0 -102 108
1 111 93
0 -108 100
0 -111 89
1 82 105
1 113 103
1 106 109
0 -112 92
1 98 105
1 96 97
0 -99 92
1 83 92
0 -84 96
0 -96 112
1 102 109
1 67 105
0 -106 104
0 -84 96
0 -96 97
0 -95 87
0 -80 -216
1 79 109
0 -101 111
1 103 102
1 110 99
0 -96 108
0 -106 107
1 110 96
1 85 102
1 110 102
0 -102 95
0 -101 101
1 113 98
1 103 100
1 96 98
1 102 110
0 -109 97
1 82 99
0 -100 103
0 -84 -275
1 104 99
0 -110 109
0 -95 103
0 -96 104
1 97 104
0 -113 92
1 100 91
0 -87 80
0 -106 111
1 99 95
0 -95 123
1 109 106
0 -95 101
1 104 104
0 -104 80
1 112 91
1 114 94
1 75 90
1 98 111
1 85 106
0 -105 96
1 113 100
0 -89 98
0 -110 94
1 107 99
0 -100 88
1 120 100
1 115 97
0 -100 93
1 74 97
1 97 99
0 -84 108
0 -99 108
0 -107 74
1 105 105
1 107 93
1 106 109
0 -116 118
0 -100 105
0 -125 109
0 -90 98
1 128 103
1 96 101
1 89 104
1 117 94
0 -102 101
0 -101 95
1 99 105
1 97 108
1 107 97
0 -89 95
0 -104 104
0 -97 88
1 111 94
0 -99 103
0 -116 104
1 108 98
1 126 96
1 98 102
1 67 98
0 -92 93
1 121 100
0 -87 118
0 -94 117
0 -92 90
1 111 100
0 -94 91
1 99 98
0 -94 97
0 -95 101
1 79 100
1 98 99
1 93 103
1 86 99
1 83 95
1 85 96
1 129 102
0 -113 100
1 75 104
0 -109 96
0 -98 91
1 95 101
0 -113 89
0 -116 99
1 104 102
1 115 106
0 -90 104
0 -112 99
0 -107 111
1 82 100
0 -114 101
0 -106 113
0 -96 81
0 -111 105
0 -105 110
0 -108 97
1 85 98
1 99 104
0 -75 109
0 -105 110
1 105 111
1 98 107
0 -97 118
1 99 99
1 91 99
1 114 94
0 -91 90
1 80 103
0 -98 105
1 138 105
1 85 108
0 -98 93
0 -87 100
1 114 97
0 -90 112
0 -97 109
0 -108 84
0 -74 107
1 87 108
0 -92 98
0 -101 98
1 112 98
0 -93 106
1 97 103
0 -73 84
1 90 85
1 123 97
0 -85 97
1 105 106
0 -112 103
1 104 102
1 123 105
1 82 104
0 -99 86
1 98 103
1 129 88
0 -100 98
1 103 99
1 113 93
1 95 99
1 104 104
0 -116 92
1 108 101
1 85 92
1 95 98
1 102 102
0 -101 95
1 90 103
0 -91 106
1 75 98
1 117 94
0 -104 135
1 94 96
0 -100 105
1 108 100
1 100 100
0 -101 85
1 115 100
1 84 96
0 -108 99
0 -105 99
0 -108 85
0 -115 108
1 103 104
1 85 105
1 97 109
1 99 98
0 -98 99
0 -111 96
1 65 100
1 109 99
0 -91 79
0 -108 93
1 80 94
1 79 96
1 113 96
1 119 97
0 -113 93
1 102 101
1 110 107
1 93 102
0 -99 118
1 102 95
1 82 90
0 -115 100
1 102 103
0 -94 90
0 -93 105
1 94 93
1 110 104
0 -82 84
1 99 100
0 -89 122
1 86 96
1 102 105
0 -118 105
0 -109 91
1 97 101
1 106 100
0 -91 99
1 83 96
1 103 101
0 -108 112
1 110 113
0 -89 95
1 99 98
1 99 98
1 82 108
0 -112 109
0 -109 102
1 88 105
1 106 105
1 87 98
0 -81 85
1 91 99
1 90 97
1 96 96
1 112 94
0 -111 97
0 -89 101
0 -118 101
0 -89 108
0 -110 93
0 -114 105
1 94 93
1 139 106
0 -106 98
0 -90 109
1 114 97
1 106 94
0 -113 94
0 -123 101
1 94 101
0 -92 107
0 -110 89
0 -111 106
0 -117 94
0 -91 92
1 92 101
0 -104 98
1 84 102
0 -106 104
0 -106 100
1 109 104
0 -100 99
0 -107 108
1 105 104
1 102 95
0 -96 92
0 -107 81
1 89 92
1 108 90
1 90 100
1 99 100
1 123 98
0 -103 108
0 -108 95
0 -97 111
1 90 99
1 106 91
1 94 106
1 110 111
1 54 101
0 -97 97
0 -111 103
1 68 98
0 -100 115
1 104 108
1 105 94
1 105 93
0 -85 84
0 -96 93
0 -100 92
1 125 100
0 -102 96
1 84 90
1 90 105
0 -89 100
1 101 102
0 -102 117
1 90 97
0 -87 122
0 -88 94
1 83 110
1 122 97
0 -94 113
1 112 102
1 110 89
1 109 108
0 -121 83
0 -98 96
0 -113 106
1 94 99
0 -95 99
1 81 106
0 -103 112
1 114 98
0 -94 109
0 -98 93
0 -69 108
1 103 101
0 -100 97
0 -97 119
1 119 87
1 83 97
0 -96 111
1 99 101
1 96 90
0 -86 91
1 77 100
0 -99 83
1 122 104
1 105 96
0 -95 101
1 112 106
0 -110 87
0 -109 101
1 87 103
1 98 100
1 95 94
0 -96 82
0 -121 85
1 110 94
0 -96 106
1 119 104
0 -89 78
0 -88 110
1 86 101
1 57 108
1 83 88
0 -92 112
0 -99 110
1 94 90
0 -96 98
1 121 103
0 -97 93
0 -110 81
1 100 104
1 84 95
1 86 105
0 -87 109
0 -113 117
0 -106 101
0 -109 101
1 121 99
0 -98 110
1 108 105
0 -104 104
0 -100 90
1 79 105
1 96 101
0 -85 95
0 -102 79
0 -97 123
1 125 100
1 118 105
0 -103 120
0 -110 100
0 -105 92
0 -100 111
1 86 95
0 -86 102
0 -104 100
1 92 94
0 -99 -139
0 -96 111
0 -96 109
1 114 104
0 -111 99
0 -104 102
1 91 100
1 85 99
0 -105 87
1 82 102
1 107 97
0 -95 83
0 -87 91
0 -104 107
0 -108 103
0 -89 106
1 109 102
0 -115 103
0 -89 113
0 -93 105
0 -98 113
0 -105 97
0 -84 99
0 -92 100
1 113 99
0 -99 92
1 90 92
1 112 100
0 -82 84
1 94 99
1 120 105
0 -103 106
1 106 98
0 -112 101
0 -89 90
0 -91 94
0 -105 116
1 97 104
0 -105 100
1 95 94
1 113 100
1 77 100
0 -106 111
0 -72 84
1 120 99
0 -102 117
0 -115 98
1 109 116
0 -98 97
0 -83 104
0 -87 86
1 98 101
1 89 101
1 98 92
0 -108 93
1 99 109
0 -87 112
0 -119 98
1 71 103
1 75 101
0 -102 104
1 96 95
1 98 98
1 90 97
0 -116 84
1 112 96
1 103 96
0 -94 102
0 -97 106
1 95 104
1 111 95
0 -110 106
1 87 96
0 -70 87
1 107 105
0 -113 108
0 -105 109
1 65 101
0 -108 102
0 -99 106
1 95 103
0 -100 96
0 -102 99
0 -88 96
1 122 106
1 99 98
1 107 91
0 -111 97
0 -110 118
1 97 105
0 -85 113
1 116 97
0 -100 103
1 118 92
0 -94 109
1 79 112
1 102 103
0 -128 103
1 106 97
0 -99 103
0 -101 110
0 -91 110
1 102 105
1 96 102
1 100 101
1 80 100
0 -94 91
1 110 102
1 84 94
0 -96 110
1 113 111
0 -97 91
0 -92 104
0 -104 97
0 -93 110
1 102 104
0 -106 87
0 -88 101
1 95 100
0 -97 86
0 -93 97
0 -96 98
1 98 101
0 -93 85
1 97 98
1 74 102
0 -100 93
1 133 98
1 108 95
0 -98 99
0 -96 105
1 100 106
0 -103 95
0 -96 100
0 -106 101
0 -101 102
1 78 101
1 101 106
1 110 92
0 -99 93
0 -111 89
0 -99 98
1 106 96
1 94 106
1 118 101
1 85 101
1 106 96
0 -101 91
1 112 111
0 -94 114
0 -95 93
0 -98 95
1 100 101
0 -94 105
0 -83 90
1 84 95
1 74 99
0 -110 90
1 92 102
0 -105 92
0 -112 88
0 -99 85
1 95 103
1 116 100
0 -108 85
1 87 99
0 -100 85
1 99 101
1 84 104
0 -109 95
1 124 98
0 -98 94
1 94 108
1 125 99
0 -114 110
0 -92 105
1 101 91
1 109 94
1 108 101
0 -100 110
1 87 101
1 133 105
0 -120 90
0 -97 111
1 95 89
0 -109 104
1 113 99
1 112 101
1 89 109
0 -99 104
1 108 104
1 103 102
1 82 93
0 -94 95
0 -112 103
0 -95 101
1 104 95
0 -114 97
0 -98 94
1 96 94
1 115 100
1 97 98
1 92 97
1 90 108
1 99 99
1 73 101
1 107 98
1 114 98
1 101 113
1 80 104
1 106 106
0 -93 108
0 -112 109
1 82 103
1 100 97
0 -121 92
1 109 99
1 66 99
0 -105 109
0 -97 102
0 -108 112
1 108 99
1 105 94
1 84 100
1 112 99
0 -93 95
1 105 99
0 -103 98
0 -106 100
0 -106 97
1 92 101
0 -131 124
1 97 98
0 -102 95
1 100 95
0 -89 119
0 -91 100
1 115 107
0 -98 111
0 -101 109
1 123 106
1 84 98
1 101 97
1 115 94
0 -85 107
0 -112 108
0 -93 107
0 -97 106
0 -94 96
0 -98 104
1 113 101
0 -100 81
1 99 92
0 -100 111
0 -120 107
0 -84 114
1 100 99
0 -105 83
0 -104 103
1 70 93
1 99 94
0 -95 88
1 103 107
1 90 94
1 116 98
0 -86 99
0 -115 101
1 84 102
1 116 99
0 -111 102
0 -87 106
1 73 108
1 109 102
1 115 108
1 79 94
0 -94 96
1 90 104
1 109 104
1 116 105
1 112 100
1 74 102
1 93 96
0 -96 111
1 68 101
0 -95 87
0 -114 108
0 -106 97
1 116 99
0 -107 101
1 130 91
0 -89 92
0 -102 101
0 -128 100
0 -105 93
1 99 104
0 -106 117
1 114 100
1 71 101
0 -111 104
0 -95 105
1 95 102
0 -96 118
0 -89 119
1 116 104
0 -94 97
0 -92 103
0 -93 107
1 82 97
0 -87 83
1 91 97
1 116 97
1 105 95
1 94 98
0 -105 94
0 -92 96
1 83 97
0 -91 111
1 104 96
0 -99 110
1 116 99
1 71 107
1 71 97
0 -105 102
0 -109 92
1 71 98
0 -106 101
0 -121 93
1 100 112
1 115 101
0 -89 109
0 -91 95
1 98 97
0 -98 90
1 96 106
0 -111 97
1 108 96
0 -82 97
1 57 101
1 132 103
0 -109 98
1 90 95
1 114 110
0 -92 96
0 -102 105
1 98 106
0 -90 106
0 -84 85
0 -124 105
0 -94 113
0 -83 86
1 95 98
0 -88 97
1 70 108
1 68 102
0 -95 103
1 61 95
0 -98 103
0 -109 105
0 -105 102
1 100 101
1 80 96
1 84 105
1 106 98
0 -103 103
1 77 108
0 -93 99
0 -107 118
0 -99 122
0 -103 97
1 109 92
1 103 93
1 72 108
1 117 101
0 -99 104
1 96 94
0 -115 114
1 89 100
1 102 98
0 -119 89
1 103 93
0 -101 105
1 95 100
1 108 98
1 114 100
0 -89 97
1 63 93
1 97 102
1 65 105
1 113 95
1 95 101
1 100 99
0 -99 90
0 -89 94
0 -93 103
0 -85 91
0 -118 123
1 116 101
1 113 106
0 -93 105
1 60 97
0 -97 107
0 -86 100
1 108 90
1 115 102
1 104 107
1 85 96
1 96 96
1 75 102
0 -94 98
1 96 104
1 84 103
0 -111 106
1 83 99
0 -100 119
0 -88 103
1 124 98
1 132 101
0 -99 96
0 -98 93
0 -84 109
0 -94 119
1 81 100
0 -127 107
0 -92 100
0 -98 96
0 -92 99
0 -99 93
0 -115 104
0 -113 98
0 -102 85
1 106 101
0 -90 97
0 -81 88
0 -104 98
0 -91 96
0 -96 96
0 -102 121
1 112 99
0 -94 96
1 123 94
1 106 106
1 128 95
1 119 98
1 103 99
1 103 94
0 -92 107
1 122 101
1 66 95
1 95 98
1 85 161
1 71 100
1 99 93
1 102 94
1 100 100
0 -120 104
0 -105 86
0 -92 122
1 94 97
0 -100 110
0 -98 93
1 125 106
0 -99 107
1 100 100
0 -98 104
0 -110 101
1 97 97
1 109 104
1 108 101
1 122 100
1 96 98
1 117 97
1 118 96
0 -107 100
1 113 102
1 96 98
1 86 94
1 101 102
0 -101 113
1 132 96
1 101 104
1 113 107
0 -106 96
0 -112 100
0 -115 107
0 -112 108
1 113 109
1 100 101
0 -111 95
0 -98 105
1 78 102
1 83 105
1 83 99
1 135 106
0 -110 106
1 104 101
0 -79 100
0 -99 89
0 -105 99
1 126 91
0 -82 287
0 -104 90
0 -108 105
1 106 101
0 -117 96
0 -101 98
0 -102 105
1 112 97
0 -109 94
1 104 97
0 -86 107
0 -88 83
1 125 103
0 -95 103
0 -99 111
1 93 105
1 123 107
1 105 103
1 61 99
0 -93 112
1 107 97
1 109 107
0 -97 102
0 -93 95
1 104 101
1 89 107
0 -107 95
1 103 99
1 107 96
0 -103 106
0 -97 95
1 100 94
0 -110 104
1 93 107
0 -93 83
0 -116 95
1 87 101
1 119 104
0 -100 93
1 111 86
0 -95 100
0 -86 104
0 -96 110
1 107 103
1 86 94
1 89 99
0 -102 101
1 96 97
0 -102 77
1 72 108
0 -107 110
0 -110 104
1 101 92
1 109 106
1 90 106
1 99 99
1 105 90
0 -119 106
0 -101 101
1 125 101
1 118 100
1 112 96
0 -93 97
1 78 96
0 -96 87
0 -79 95
1 115 106
0 -117 94
0 -94 78
1 129 101
1 51 95
1 108 97
0 -88 107
0 -107 86
1 119 111
0 -100 127
1 104 89
1 108 105
1 77 100
0 -103 103
0 -102 103
1 115 94
1 78 104
0 -102 78
0 -92 110
0 -82 111
0 -98 91
0 -99 81
0 -95 103
0 -90 96
1 84 94
1 110 101
1 92 102
1 97 99
1 113 95
0 -86 106
0 -96 106
1 95 100
1 85 92
0 -103 95
0 -101 109
0 -107 89
1 102 105
1 73 96
0 -92 95
0 -117 109
0 -112 91
0 -100 -108
1 110 98
0 -84 98
1 112 100
0 -107 108
1 86 104
0 -98 99
0 -104 94
1 100 99
1 93 110
1 103 100
0 -92 94
0 -97 109
1 76 102
0 -107 95
1 102 95
1 93 89
0 -112 94
1 122 101
1 121 102
1 111 107
0 -110 92
1 88 94
1 105 102
0 -99 113
1 92 99
1 137 108
0 -109 108
1 95 105
0 -91 113
0 -122 90
0 -107 112
1 92 99
1 96 96
1 65 103
0 -89 94
0 -110 102
1 98 95
1 154 101
1 113 101
1 100 100
0 -80 96
0 -102 103
0 -92 82
1 87 100
1 153 82
1 83 110
0 -89 103
0 -100 121
1 95 94
0 -93 106
1 121 104
1 97 105
0 -90 103
0 -119 85
1 109 100
0 -111 91
1 116 99
0 -123 110
0 -102 105
1 112 111
1 83 103
0 -91 103
0 -104 102
1 93 100
0 -98 98
0 -107 106
1 97 99
0 -112 104
1 105 96
0 -85 114
1 108 97
1 97 104
0 -102 86
0 -87 107
1 82 101
0 -86 107
1 121 105
1 76 102
0 -116 96
0 -109 108
0 -97 102
0 -111 93
1 103 110
1 91 90
0 -92 95
1 99 97
0 -102 110
0 -91 102
0 -98 102
0 -100 92
1 117 99
1 116 107
0 -94 80
1 78 105
1 110 98
1 100 105
0 -79 89
1 71 102
0 -93 92
0 -107 93
0 -92 102
1 121 109
0 -96 99
1 100 106
0 -110 90
0 -107 108
0 -110 96
0 -92 104
1 93 106
0 -92 122
1 93 104
0 -99 116
0 -96 99
0 -109 99
1 105 94
0 -98 64
1 111 95
0 -117 108
1 127 101
1 116 96
1 114 103
1 71 105
0 -95 114
0 -100 90
0 -88 103
1 89 102
0 -107 88
1 125 104
0 -92 81
0 -84 102
1 109 93
1 100 98
0 -110 96
1 100 102
1 108 98
1 86 98
0 -94 99
1 97 99
1 82 94
1 94 88
1 115 97
0 -101 105
1 111 99
0 -101 94
1 82 102
0 -90 118
0 -90 111
1 94 105
1 102 104
0 -103 84
0 -104 92
1 92 98
1 96 107
0 -107 84
1 108 93
1 114 96
0 -81 112
0 -101 121
1 125 98
1 106 109
1 108 102
1 106 102
1 84 107
1 101 98
0 -95 105
1 83 111
0 -102 108
0 -77 97
1 70 87
0 -97 96
1 131 94
0 -106 91
1 89 104
1 123 105
0 -99 92
1 101 99
1 103 110
0 -94 104
1 97 103
1 115 101
0 -103 105
0 -97 98
1 98 99
0 -95 101
1 83 109
1 102 100
1 75 99
1 125 99
0 -96 105
1 88 99
1 104 97
0 -118 95
0 -98 97
1 74 93
0 -100 90
1 117 96
0 -95 118
1 115 94
1 137 99
1 87 94
1 77 100
1 100 99
1 96 100
0 -109 81
1 100 101
0 -96 100
1 105 101
1 120 104
0 -89 100
0 -106 106
0 -83 89
1 103 106
1 100 97
0 -101 97
1 73 100
0 -91 109
0 -101 114
0 -95 96
0 -104 112
1 85 103
0 -102 101
0 -90 92
0 -104 100
0 -105 102
1 78 107
1 102 96
0 -115 102
0 -82 103
0 -97 111
1 85 99
1 91 103
0 -107 114
1 124 107
0 -85 99
0 -111 104
1 92 95
0 -108 81
1 110 100
0 -111 124
1 87 97
0 -98 87
1 99 100
1 104 98
1 119 98
0 -102 79
0 -93 97
0 -99 107
0 -76 92
1 124 102
0 -119 74
1 93 91
0 -106 84
1 110 100
0 -97 94
0 -97 114
0 -94 96
0 -99 101
0 -99 114
0 -101 104
0 -110 99
0 -95 76
0 -92 92
0 -100 103
1 89 103
0 -102 109
0 -85 121
0 -108 97
1 119 101
1 109 101
0 -103 45
0 -94 90
1 113 100
0 -103 100
1 95 99
1 91 114
0 -96 100
1 113 105
0 -93 108
0 -90 82
1 111 86
1 106 99
0 -110 95
1 123 97
1 112 109
1 107 94
1 110 114
1 106 106
1 104 102
1 129 98
1 94 96
0 -98 96
1 107 111
0 -97 102
1 94 97
1 96 99
1 126 103
0 -95 95
0 -106 94
0 -92 107
1 114 103
1 106 101
0 -118 103
1 75 97
1 107 109
0 -105 106
1 110 105
1 94 102
0 -101 94
0 -95 90
0 -102 106
0 -97 101
0 -107 103
1 83 100
1 114 91
0 -98 93
1 87 97
1 92 94
1 88 100
0 -94 97
1 75 101
1 132 99
0 -107 95
1 109 104
0 -91 102
1 101 100
0 -96 90
1 94 99
0 -98 78
1 96 97
1 87 105
0 -97 93
1 56 107
0 -108 95
1 103 100
1 102 107
0 -116 103
0 -90 93
1 108 101
0 -104 87
1 76 103
1 108 100
0 -81 94
0 -89 105
0 -89 99
1 77 94
0 -103 109
1 82 102
1 96 95
0 -90 93
1 124 105
1 97 105
1 97 96
1 111 107
1 127 96
0 -104 105
0 -98 99
0 -101 102
1 99 97
1 71 93
1 113 106
1 98 104
0 -109 89
1 103 101
1 100 99
1 93 108
0 -105 99
0 -81 97
1 106 105
0 -110 105
0 -86 102
0 -84 104
0 -104 90
1 83 98
0 -112 105
0 -89 114
1 108 100
0 -101 95
1 107 104
0 -96 103
0 -100 99
1 115 109
0 -97 89
0 -105 94
0 -102 104
1 76 100
0 -111 107
1 109 99
1 95 103
1 87 98
1 112 103
0 -77 116
0 -105 80
0 -101 95
1 100 103
1 103 101
1 82 103
1 106 95
0 -101 92
0 -115 89
0 -98 77
0 -93 76
0 -100 106
1 92 103
1 85 94
0 -101 111
1 89 92
0 -97 111
1 81 101
0 -109 107
1 99 101
1 92 94
0 -101 89
0 -94 91
1 67 96
1 111 99
0 -113 103
1 97 87
0 -99 96
0 -100 103
0 -93 99
1 94 102
0 -96 75
1 136 108
1 83 93
0 -97 101
1 83 102
0 -105 90
0 -100 89
1 87 94
1 98 153
0 -101 103
1 101 101
0 -96 85
0 -87 80
1 98 95
1 127 103
0 -93 95
0 -103 106
0 -105 100
0 -102 109
0 -94 95
0 -93 101
0 -98 99
1 121 104
1 108 105
0 -94 91
0 -102 97
1 83 99
0 -102 103
0 -102 72
1 95 102
0 -96 89
1 92 102
0 -101 95
1 97 104
0 -113 97
0 -103 105
1 116 108
0 -86 82
1 96 100
0 -100 89
1 108 107
1 101 99
0 -105 104
0 -101 101
1 143 97
0 -107 100
1 91 97
0 -92 91
1 106 102
1 123 97
0 -106 110
1 119 101
0 -103 112
1 104 93
0 -102 97
0 -101 88
1 85 100
1 75 108
1 109 101
0 -102 101
1 81 106
1 79 102
0 -97 88
1 110 88
0 -102 110
0 -103 121
1 97 106
1 99 97
1 117 104
0 -101 96
0 -107 97
0 -108 87
0 -93 99
0 -117 86
1 108 108
1 112 94
0 -94 99
1 90 106
0 -86 84
0 -107 109
1 68 97
0 -76 109
1 117 100
0 -107 101
1 107 104
1 111 101
0 -98 85
1 90 95
0 -107 100
0 -110 100
0 -97 100
0 -109 96
0 -110 106
1 93 106
0 -116 110
0 -94 104
1 93 104
1 115 101
1 85 96
0 -105 95
1 96 97
1 124 104
1 73 105
1 130 104
1 98 96
0 -86 99
1 94 96
1 74 98
1 109 102
0 -105 94
0 -95 98
0 -96 95
1 122 95
1 127 96
1 103 99
1 65 105
0 -92 98
0 -122 111
0 -99 93
1 113 107
1 108 102
1 95 107
0 -106 112
0 -91 117
1 104 104
0 -103 92
1 89 101
1 105 106
1 113 99
1 93 92
1 137 111
0 -105 87
1 101 104
0 -103 91
1 81 102
0 -98 101
1 93 90
1 122 93
0 -101 97
1 100 106
0 -108 118
0 -108 113
0 -83 103
0 -101 117
0 -92 99
1 86 96
1 81 99
1 117 109
1 98 113
1 94 101
1 82 109
1 124 101
1 101 102
1 141 99
1 67 108
1 108 101
1 85 98
0 -85 104
1 91 102
0 -112 95
1 75 96
0 -96 115
0 -108 91
0 -101 108
1 106 -74
0 -96 90
1 116 94
0 -110 108
1 84 102
1 128 102
1 87 107
0 -94 100
1 123 98
1 100 101
1 124 100
1 74 96
0 -102 108
0 -95 86
0 -108 105
0 -89 113
0 -98 97
1 106 106
0 -95 104
1 84 99
1 93 98
0 -95 99
1 108 109
0 -94 100
1 97 114
0 -94 106
0 -97 100
0 -111 96
1 138 101
1 90 93
0 -87 89
0 -84 105
1 93 101
1 107 93
1 123 98
0 -96 96
1 102 98
0 -95 108
1 113 96
0 -91 84
1 122 109
1 108 97
1 110 102
0 -98 111
1 118 97
1 138 100
1 92 99
0 -100 120
0 -89 115
0 -116 113
0 -94 102
0 -113 93
1 81 105
1 122 108
1 82 95
0 -111 85
0 -109 89
0 -88 103
1 128 102
0 -91 104
0 -104 99
1 112 101
1 109 98
1 120 115
0 -109 97
1 92 103
0 -92 98
1 99 91
0 -96 94
0 -88 105
0 -111 108
0 -117 90
0 -96 90
1 87 205
1 97 106
0 -85 109
0 -99 91
0 -111 99
1 93 102
1 105 102
1 104 91
1 107 97
0 -100 108
0 -93 92
0 -101 86
1 112 102
0 -84 95
0 -113 108
1 95 101
0 -86 124
0 -101 80
1 84 98
0 -115 96
0 -111 99
0 -97 115
1 94 102
1 94 111
1 87 101
1 93 103
1 104 94
1 90 99
1 92 98
1 117 97
1 89 101
0 -98 65
0 -94 107
1 96 101
0 -84 93
1 122 98
0 -105 97
1 71 98
0 -75 85
1 116 108
1 105 97
0 -108 96
1 85 96
1 111 100
0 -121 93
0 -112 95
0 -87 92
0 -110 103
1 89 105
1 83 99
0 -109 91
1 73 97
0 -98 97
0 -89 110
0 -113 98
1 103 97
1 99 101
1 96 94
0 -126 100
1 103 100
0 -93 78
1 137 98
1 128 105
0 -99 116
0 -117 100
1 99 105
0 -105 96
0 -108 89
0 -91 76
1 78 102
1 90 99
1 99 103
0 -105 109
0 -106 105
0 -95 88
0 -90 101
0 -107 106
1 103 94
0 -91 89
0 -85 118
0 -91 98
1 93 98
0 -104 108
1 94 106
0 -99 92
0 -98 87
0 -109 108
0 -115 102
1 94 99
0 -108 104
0 -110 113
0 -96 87
0 -79 105
1 94 107
0 -111 116
0 -96 93
0 -81 107
1 109 97
1 115 100
1 95 97
1 106 98
0 -105 111
0 -98 97
1 92 100
0 -101 94
0 -109 92
1 86 100
1 108 99
1 89 104
0 -99 103
1 110 101
1 95 100
0 -106 98
0 -110 101
0 -110 104
1 106 101
1 102 98
0 -111 87
1 112 100
0 -84 121
0 -99 96
0 -81 90
1 92 109
0 -105 89
0 -105 93
0 -96 112
1 113 102
0 -109 80
0 -103 100
1 112 102
0 -99 110
1 122 110
1 95 100
1 81 92
0 -101 93
0 -113 116
1 124 109
0 -115 105
0 -117 94
1 97 96
0 -96 99
0 -101 111
0 -110 106
0 -91 114
0 -102 84
0 -103 101
1 132 103
1 103 91
0 -109 130
0 -113 98
0 -122 107
1 116 100
0 -91 115
1 78 100
1 111 115
0 -101 113
0 -116 94
0 -100 100
0 -101 101
0 -116 102
0 -115 112
1 101 93
0 -103 104
1 90 92
1 123 101
1 99 105
0 -191 97
1 110 88
1 84 106
0 -108 90
1 98 101
1 103 98
1 81 102
0 -115 93
1 99 104
0 -90 107
0 -86 106
0 -96 98
0 -106 96
0 -104 109
0 -100 102
1 110 99
1 63 104
0 -101 92
1 137 93
0 -83 102
1 97 107
1 76 103
1 91 93
1 117 110
1 111 95
0 -114 85
1 95 101
0 -94 79
0 -84 97
1 78 92
0 -100 90
0 -88 91
1 80 100
1 83 102
1 84 96
1 108 103
0 -90 91
0 -108 87
1 104 95
0 -114 101
0 -109 89
1 101 103
0 -114 89
1 72 107
1 129 96
0 -83 121
1 115 97
0 -92 101
1 108 291
1 79 89
1 73 97
0 -89 100
1 115 98
1 79 100
1 78 101
1 111 108
0 -99 94
0 -92 89
1 90 104
1 93 106
1 113 101
0 -111 111
1 89 104
1 85 96
1 91 102
1 102 108
0 -116 91
1 120 104
0 -102 94
0 -87 97
0 -100 102
0 -105 96
0 -99 89
0 -92 108
0 -125 102
0 -106 91
0 -89 117
1 96 100
1 120 99
1 84 103
1 109 105
1 121 97
1 124 102
1 90 95
1 78 101
1 97 96
0 -137 92
1 110 104
1 105 106
1 92 94
0 -100 76
0 -80 94
0 -103 104
1 130 92
1 65 95
0 -100 93
1 103 104
1 102 99
1 91 94
0 -106 98
1 99 97
1 118 104
1 97 98
0 -84 112
1 99 101
0 -103 114
0 -110 79
1 90 105
1 91 91
0 -114 98
0 -87 106
0 -110 94
1 114 103
1 96 103
1 107 98
1 99 94
1 108 89
0 -112 109
1 101 104
0 -107 98
1 101 102
0 -98 95
0 -114 100
0 -103 113
1 90 103
0 -102 115
1 115 104
1 73 104
0 -110 102
1 109 86
1 106 101
0 -98 93
0 -117 96
0 -88 84
1 117 109
1 99 99
1 111 103
0 -98 99
1 110 104
0 -87 90
0 -89 94
1 112 101
0 -85 -155
0 -81 109
0 -93 101
0 -89 93
0 -93 104
1 95 103
1 94 94
1 122 100
0 -124 72
1 87 98
1 97 103
1 83 104
1 122 110
0 -116 95
0 -90 94
1 114 94
0 -105 106
0 -101 101
1 101 95
0 -104 99
0 -98 95
0 -126 85
0 -114 81
1 104 107
0 -101 107
1 114 103
0 -99 119
1 95 103
0 -116 77
1 110 113
1 93 96
0 -98 93
1 106 95
0 -100 105
1 126 103
1 108 98
0 -111 91
0 -118 113
0 -90 74
0 -91 111
1 105 107
1 111 99
0 -109 79
1 90 103
0 -104 93
0 -106 95
1 86 104
0 -93 99
1 112 103
0 -101 105
1 97 95
1 106 101
0 -86 58
0 -91 101
0 -101 94
0 -82 89
1 108 99
1 99 103
0 -83 106
0 -103 81
1 101 92
0 -97 94
0 -108 119
0 -91 94
1 100 101
1 146 103
0 -99 92
1 117 107
0 -104 105
0 -107 96
1 97 91
0 -88 101
1 94 99
1 117 103
1 119 93
0 -98 109
0 -108 109
0 -88 93
0 -91 94
0 -96 110
1 100 105
1 57 104
1 70 101
1 97 90
0 -98 99
1 111 106
0 -91 104
1 100 97
0 -98 103
0 -107 118
0 -84 -65
0 -101 89
1 73 103
1 93 96
0 -97 90
1 100 94
0 -106 81
0 -114 99
1 103 101
1 99 98
1 109 97
1 123 104
0 -105 107
0 -78 99
1 90 104
0 -115 84
1 114 93
1 127 113
0 -90 106
1 105 100
1 117 93
0 -87 106
0 -101 104
0 -89 103
1 92 97
0 -106 99
1 121 96
0 -79 88
1 105 96
1 75 92
0 -112 104
0 -96 110
0 -99 82
1 103 96
0 -113 97
1 111 104
0 -99 100
0 -109 103
0 -105 94
0 -94 106
0 -99 112
0 -110 94
1 123 107
1 104 97
0 -100 87
0 -93 104
1 90 103
0 -104 96
1 115 93
0 -99 121
0 -98 99
1 65 98
0 -86 85
0 -97 88
0 -109 98
1 116 96
1 113 97
1 114 104
1 89 97
0 -117 98
1 100 105
1 82 95
0 -100 108
0 -87 113
0 -89 106
1 84 109
0 -97 84
0 -91 101
1 66 99
0 -103 122
1 89 92
0 -110 116
0 -110 104
1 75 100
0 -90 94
0 -89 96
0 -112 109
1 116 103
0 -90 110
1 96 110
1 114 100
1 107 104
1 133 108
0 -99 103
1 -133 91
1 109 92
1 109 100
0 -87 95
0 -96 97
0 -93 94
0 -100 76
0 -83 102
1 100 96
0 -96 101
0 -99 102
1 67 105
0 -99 110
0 -104 102
1 78 105
1 115 97
0 -92 115
0 -92 113
0 -102 122
1 83 104
1 87 99
1 121 106
1 96 95
0 -105 101
1 119 101
0 -126 104
1 99 95
1 107 85
1 108 94
0 -80 94
0 -86 103
0 -102 106
0 -117 101
1 121 94
0 -93 103
1 108 103
1 114 109
1 100 98
0 -88 103
0 -119 118
0 -92 89
1 107 96
1 110 92
0 -116 104
0 -115 111
0 -120 106
0 -106 100
0 -124 98
1 112 93
1 74 103
0 -96 98
1 100 104
1 130 97
1 104 105
1 103 104
1 105 105
0 -101 100
1 111 92
0 -94 80
0 -96 93
1 88 103
0 -85 91
0 -90 79
0 -107 99
1 98 107
0 -81 91
0 -103 114
1 86 99
1 97 97
0 -91 91
1 81 95
0 -94 90
1 127 104
0 -104 109
1 78 95
0 -87 97
0 -95 103
1 115 91
1 87 102
1 96 98
0 -91 95
0 -97 90
0 -93 108
1 93 101
1 74 98
0 -99 103
0 -97 109
1 92 99
0 -94 92
1 87 101
1 108 93
1 100 105
1 136 102
0 -97 108
0 -95 234
0 -95 110
0 -108 93
0 -97 81
0 -97 99
0 -104 128
0 -101 85
0 -99 101
0 -99 96
1 113 95
1 137 98
0 -102 85
0 -75 81
1 114 111
0 -95 106
0 -84 103
0 -98 94
0 -96 94
1 94 95
0 -108 98
1 135 98
0 -104 99
1 100 100
1 104 104
1 114 99
1 81 101
0 -94 97
0 -103 108
0 -106 85
1 86 103
1 94 97
1 110 102
1 97 101
1 98 101
0 -101 102
1 68 104
1 103 96
0 -125 114
1 87 100
0 -90 98
0 -114 110
1 76 104
1 87 100
1 99 94
0 -114 93
0 -103 89
1 137 114
0 -113 104
1 106 105
1 95 100
0 -105 104
1 99 102
0 -114 101
0 -103 111
0 -91 98
0 -114 104
0 -114 103
0 -98 96
0 -81 100
1 120 100
1 100 101
0 -108 101
1 138 104
0 -89 93
1 99 94
1 110 97
1 124 96
1 111 91
0 -98 92
0 -99 100
1 97 110
0 -103 82
1 129 108
1 127 101
1 112 103
1 82 109
1 103 108
0 -106 116
1 96 100
1 97 105
0 -97 107
0 -108 117
1 102 96
1 87 107
0 -96 87
0 -108 105
1 93 105
0 -106 99
0 -94 108
1 141 101
1 107 104
0 -106 105
0 -109 101
1 108 108
0 -101 107
1 91 102
1 115 98
0 -107 98
0 -100 108
1 122 105
0 -99 120
1 112 90
1 84 92
1 108 97
0 -98 83
1 106 97
1 108 103
0 -106 90
0 -99 92
0 -89 93
1 108 104
1 79 102
1 113 92
1 86 106
0 -116 102
1 108 93
1 111 94
1 94 96
0 -108 106
0 -86 99
0 -113 98
0 -109 104
0 -104 92
0 -129 89
0 -92 108
1 99 102
0 -113 98
1 139 94
0 -105 89
1 90 92
1 102 93
1 100 101
1 97 97
0 -103 98
0 -99 101
0 -97 83
1 100 99
1 94 104
0 -97 101
0 -91 89
1 109 102
0 -97 102
0 -104 112
0 -104 98
1 103 106
0 -95 109
0 -110 105
0 -113 85
1 105 98
1 94 100
0 -87 107
1 98 94
1 108 101
1 115 109
0 -68 97
1 95 106
1 87 104
0 -102 82
1 93 106
1 112 100
1 129 105
0 -118 112
0 -111 97
1 112 98
1 100 100
1 75 102
0 -95 105
1 97 100
1 117 102
1 94 98
1 123 102
0 -94 117
0 -84 101
1 109 94
0 -97 119
1 110 98
0 -103 109
1 95 103
1 119 113
0 -101 93
0 -99 118
0 -89 104
0 -95 115
0 -102 87
1 92 91
0 -106 74
1 105 100
1 101 100
0 -112 107
1 98 105
1 83 104
0 -93 107
0 -86 110
1 87 98
1 114 91
0 -95 107
0 -105 119
1 109 103
1 121 98
0 -103 98
0 -105 102
0 -109 127
1 103 92
1 92 96
1 140 100
1 111 93
0 -104 96
0 -90 85
1 93 96
1 92 102
0 -98 112
1 102 99
0 -100 98
0 -111 90
0 -87 119
0 -91 102
0 -95 100
1 99 89
1 99 91
1 101 102
1 71 104
0 -102 97
0 -116 115
1 111 102
0 -88 83
0 -80 105
0 -95 94
0 -114 89
0 -104 100
0 -110 102
0 -100 88
1 79 105
0 -97 107
1 88 97
0 -100 120
1 66 99
0 -95 106
1 101 96
0 -90 105
0 -86 97
1 82 99
1 91 103
1 97 99
0 -119 101
0 -94 115
1 94 96
0 -109 107
1 117 110
0 -93 116
0 -91 86
0 -104 87
0 -109 104
0 -102 93
0 -94 93
0 -88 88
1 69 105
1 85 101
0 -82 99
0 -76 108
0 -80 108
1 123 102
0 -102 105
0 -102 99
0 -106 109
0 -112 94
1 99 98
0 -100 90
1 102 108
0 -106 105
1 86 103
0 -106 105
0 -118 83
0 -94 95
1 82 103
1 100 97
0 -103 112
1 95 103
0 -109 102
0 -92 97
0 -84 107
0 -107 102
0 -87 95
0 -98 93
0 -102 92
0 -95 79
0 -100 96
0 -110 89
0 -107 104
0 -83 101
0 -97 113
1 70 96
1 107 99
0 -92 116
0 -94 97
1 81 101
0 -111 99
1 110 93
1 84 99
1 119 97
0 -91 102
0 -94 -77
1 132 106
0 -99 91
0 -102 96
1 116 101
1 96 95
1 94 102
1 119 89
0 -115 92
1 127 108
1 84 104
1 72 100
0 -98 105
1 82 101
0 -98 101
0 -84 101
0 -84 92
1 104 102
1 97 100
0 -102 109
1 101 101
0 -100 101
0 -105 69
1 83 94
1 91 98
0 -105 119
1 86 104
1 88 110
0 -113 116
0 -112 124
1 81 100
1 130 105
0 -121 87
0 -93 109
0 -104 90
1 93 103
1 86 97
0 -101 99
1 117 95
1 76 101
0 -102 97
0 -108 101
1 75 102
1 130 104
0 -121 98
1 116 104
0 -113 98
0 -94 103
1 115 107
0 -101 102
0 -96 102
0 -100 93
0 -96 94
1 111 97
1 81 100
0 -94 101
1 77 93
0 -100 93
0 -94 102
0 -79 112
1 113 95
0 -111 89
0 -102 104
0 -90 97
1 105 103
0 -113 102
0 -114 101
1 101 95
1 118 100
0 -117 90
1 92 98
0 -84 106
0 -94 93
0 -113 91
1 103 104
1 105 96
0 -100 93
1 133 103
1 125 97
1 109 96
1 101 96
0 -93 118
1 98 99
1 93 109
0 -105 94
1 109 108
1 80 103
0 -91 101
0 -132 86
1 93 99
0 -119 91
1 112 100
1 86 95
1 99 100
1 93 101
0 -106 109
0 -113 77
0 -95 74
1 88 102
0 -105 85
0 -96 122
0 -97 119
1 101 89
1 106 100
1 105 102
0 -104 89
1 113 100
0 -113 100
0 -101 91
0 -97 104
0 -107 93
0 -98 82
0 -97 104
1 123 99
1 95 106
0 -95 107
0 -124 106
1 70 97
0 -106 109
0 -111 103
1 111 100
1 79 104
0 -99 103
0 -112 94
1 110 98
0 -117 79
1 121 99
1 119 104
1 72 87
0 -87 98
1 115 101
1 106 102
1 105 103
1 98 97
1 105 104
0 -99 119
0 -96 102
0 -93 105
0 -94 103
1 101 98
0 -121 99
1 105 112
0 -90 95
0 -105 105
1 91 94
0 -87 92
1 81 96
1 119 104
0 -88 107
0 -88 101
0 -98 107
1 106 107
1 131 102
0 -78 117
1 116 102
0 -93 106
1 66 98
1 110 99
0 -86 106
0 -103 91
1 118 111
0 -104 104
1 97 101
1 121 99
1 93 99
1 102 99
0 -105 90
0 -87 80
0 -109 104
1 85 101
1 115 95
1 94 105
1 75 104
1 83 97
1 77 95
0 -109 92
0 -111 109
1 97 104
1 95 95
0 -87 94
0 -85 79
1 117 93
0 -95 91
1 98 106
0 -111 104
0 -107 109
0 -101 100
0 -111 113
1 95 106
1 96 97
1 82 101
1 96 99
1 110 100
0 -104 92
0 -108 103
1 99 90
1 103 93
0 -88 89
0 -112 101
0 201 94
0 -87 102
1 94 105
0 -106 118
1 98 101
1 91 95
1 109 100
0 -109 101
1 113 107
1 92 100
1 127 102
0 -98 105
0 -89 99
0 -111 91
0 -83 100
1 107 96
1 90 106
0 -96 90
0 -96 87
1 135 100
0 -84 110
1 80 104
1 107 105
0 -86 111
1 121 99
0 -116 101
1 98 98
1 91 93
1 103 99
1 106 101
0 -100 87
1 102 96
1 107 94
0 -97 97
0 -119 96
1 88 99
0 -102 108
0 -104 103
1 108 102
1 93 102
1 106 103
1 120 108
0 -99 91
1 111 99
1 100 104
1 99 99
1 110 97
1 92 107
1 100 99
0 -107 108
1 112 100
1 102 107
1 103 99
1 76 107
1 85 102
1 107 106
1 94 113
0 -89 85
1 98 97
0 -107 107
1 100 102
1 98 100
1 98 100
0 -102 110
1 100 101
0 -103 116
1 120 106
0 -102 92
1 121 103
1 126 97
0 -93 108
1 90 102
1 113 93
0 -78 106
0 -107 119
1 92 102
0 -69 104
1 107 100
0 -97 98
1 115 98
0 -101 107
0 -91 106
0 -113 73
0 -79 104
1 114 91
0 -111 92
1 112 104
0 -103 95
0 -105 103
0 -105 111
1 106 105
1 113 99
1 99 97
0 -100 104
0 -99 84
0 -91 106
1 93 105
1 131 101
0 -108 94
0 -96 95
1 94 97
1 89 99
0 -110 96
0 -90 98
1 56 94
1 108 101
0 -105 107
1 114 104
1 82 101
1 120 106
1 72 94
0 -83 118
1 86 92
0 -92 102
1 93 101
1 83 95
0 -101 97
1 105 104
1 100 96
0 -89 99
0 -75 105
0 -94 111
0 -98 89
0 -112 119
0 -100 95
1 86 106
1 114 105
1 111 101
1 85 92
1 101 100
1 101 103
0 -109 79
1 103 105
0 -112 113
0 -103 110
1 109 101
1 96 111
1 102 100
1 101 100
1 85 103
0 -94 89
1 119 92
1 96 101
1 118 100
0 -84 108
1 103 102
0 -99 113
0 -108 110
1 127 99
0 -91 90
0 -114 122
1 104 105
0 -110 116
0 -99 108
0 -78 106
1 121 93
0 -100 92
1 123 101
0 -85 110
0 -117 107
1 87 100
1 96 98
0 -108 80
1 92 107
0 -108 99
1 97 101
0 -103 102
1 95 96
1 87 96
0 -93 103
1 88 96
1 119 93
1 80 97
0 -117 87
1 116 104
1 123 108
1 109 105
1 97 106
0 -110 96
1 104 104
1 89 97
1 126 98
1 97 100
1 97 106
0 -105 104
0 -114 91
1 109 106
0 -107 89
1 83 97
0 -104 103
0 -80 104