2 22 -14
1 0 -204
0 -68 217
2 -2 4
2 -9 20
2 0 -5
2 0 -7
1 -27 -223
0 -98 195
1 -1 -228
0 -36 195
2 -10 6
0 -36 209
0 -22 222
2 9 -3
1 16 -224
1 -21 -207
1 18 -210
1 101 -217
0 4 224
0 -73 206
1 31 -195
0 -15 203
1 96 -205
1 17 -205
2 -5 3
2 -1 -1
2 14 -16
1 5 -229
0 -88 204
0 17 212
1 89 -216
2 -8 -12
1 16 -199
0 -7 191
2 -1 -10
2 13 -7
2 3 21
0 27 231
1 93 -198
0 -67 217
1 34 -210
0 -43 230
2 -8 6
0 -28 204
1 109 -220
2 21 2
0 -111 213
2 -11 -1
1 115 -224
2 -3 -5
2 5 -11
1 18 -210
2 1 -10
1 63 -221
2 -7 -1
1 22 -192
0 -60 200
2 6 -9
1 149 -199
1 79 -211
0 -73 200
0 -48 214
2 0 4
2 4 -11
1 61 -203
2 -10 11
1 97 -211
2 -9 -1
1 -96 -213
0 -127 225
0 -58 211
0 -32 204
1 50 -193
1 51 -206
1 62 -211
1 7 -197
2 3 -16
0 -20 216
1 -22 -213
0 -68 209
2 1 3
2 10 22
0 -100 200
0 -36 220
1 71 -204
0 0 202
0 31 200
1 62 -207
2 5 3
1 42 -205
2 3 -10
2 0 4
0 -126 220
2 7 -8
1 -11 -204
2 -1 14
1 24 -221
1 52 -210
2 -7 -3
0 -78 196
0 -112 213
2 -11 -5
2 -25 3
2 20 7
0 -6 216
2 16 -16
2 21 -31
1 -60 -212
2 6 8
0 -100 207
2 9 8
0 -56 206
1 97 -208
0 -62 211
0 4 191
0 -81 208
0 -70 201
1 38 -222
2 -12 20
1 37 -213
0 13 229
2 4 6
0 -93 203
1 73 -233
1 98 -204
1 81 -212
2 -12 -16
1 46 -214
1 17 -221
0 -14 189
1 14 -216
0 4 204
1 -2 -221
1 31 -199
1 130 -222
0 -88 228
1 56 -205
2 4 -1
2 -10 1
1 89 -211
2 -1 0
0 -65 195
0 -47 221
0 -35 214
2 7 -10
2 14 12
0 29 210
1 65 -195
1 -21 -219
0 -7 227
0 -58 205
2 0 11
0 -69 210
0 -27 230
0 -46 215
2 -8 1
1 -68 -214
2 -10 -15
2 -10 -2
1 19 -216
0 -20 215
2 -3 3
0 -73 206
0 23 212
2 0 18
2 3 1
0 -98 227
2 -28 1
1 78 -202
1 35 -222
1 94 -208
1 129 -215
2 6 -7
0 -41 219
1 96 -204
1 71 -202
2 0 -4
0 -140 229
1 -50 -197
0 -11 202
0 -51 211
0 3 209
1 42 -202
1 61 -216
0 -40 200
1 129 -220
1 74 -217
0 -6 193
2 -2 4
2 -2 3
0 -52 204
2 3 0
1 11 -198
0 -40 184
0 -60 213
2 10 -3
2 5 3
2 2 1
0 -125 217
0 -46 216
1 10 -219
0 -41 220
1 103 -216
2 16 19
1 89 -191
2 1 -3
0 -101 226
2 4 15
2 3 6
2 23 -19
1 92 -210
2 -12 -15
2 -6 -5
2 -2 6
2 6 -28
1 26 -217
1 80 -196
1 -4 -221
1 155 -225
2 5 3
2 -5 0
2 -6 -9
1 95 -222
0 -137 225
0 -69 214
0 -191 220
2 1 25
0 -22 206
1 70 109
2 -10 -17
1 105 -225
2 8 6
0 -55 208
1 48 -224
2 12 5
2 16 17
1 94 -190
1 95 -213
1 144 -217
1 23 -202
0 -45 209
2 -4 -3
2 -9 10
1 67 -223
1 94 -202
0 -9 218
0 -5 213
1 129 -221
2 -8 -8
1 -8 -205
0 -40 202
1 -21 -209
0 -68 223
0 -51 216
2 -11 -18
1 28 -218
2 -15 12
2 11 5
0 -83 203
1 57 -200
1 47 -225
1 24 -207
0 -38 206
2 6 9
0 -25 195
1 132 -200
1 15 -194
0 -31 191
1 165 -208
2 -6 17
1 33 -206
1 43 -208
1 -49 -213
1 88 -202
2 -6 0
1 34 -213
2 0 -7
1 75 -212
1 5 -199
0 -68 205
1 26 -222
2 4 1
0 -115 196
1 47 -204
1 35 -217
2 0 -9
2 -26 -1
2 -1 -5
0 -7 207
2 -10 3
0 -123 198
0 -65 224
0 42 225
2 -10 2
0 -104 220
1 -1 -211
2 3 8
0 -39 200
0 -43 212
1 71 -205
2 -10 0
1 62 -200
1 31 -217
0 -134 211
1 -44 -217
2 -19 14
0 -122 193
0 -48 203
1 46 -197
1 20 -211
1 55 -213
1 -29 -205
0 -56 204
1 0 -207
1 49 -214
1 24 -220
1 111 -207
0 -86 218
1 146 -214
2 -30 -11
0 -94 210
1 48 -195
1 51 -208
1 46 -210
1 118 -202
1 50 -208
1 27 -217
2 -18 16
2 12 0
1 70 -207
2 -10 6
0 -69 222
2 -2 -12
2 11 -277
0 -65 209
2 2 2
0 -37 220
0 -68 205
0 -97 218
2 -19 -24
1 78 -216
2 8 -1
1 141 -217
1 -43 -205
0 -83 202
0 22 206
0 -52 214
2 15 -10
1 -24 -214
1 62 -206
0 2 202
2 1 4
1 -6 -185
2 -14 -11
2 -1 2
2 4 9
1 -11 -202
1 115 -198
0 -133 197
2 -3 -2
0 -71 209
0 -84 206
1 50 -215
0 -87 226
0 -5 212
0 0 210
0 -34 211
1 110 -212
2 -5 -10
2 -10 5
2 10 -5
1 32 -208
1 66 -204
0 -41 212
1 8 -233
2 -6 -10
2 7 1
1 -83 -218
2 -4 -8
2 -3 6
1 17 -204
1 22 -232
1 124 -211
0 -131 217
2 -4 1
1 124 -194
1 31 -217
0 -59 192
1 91 -222
0 -34 221
1 26 -211
2 1 -15
2 11 1
0 -99 197
0 -149 224
0 -91 206
2 7 15
0 -126 197
2 -8 2
1 71 -202
2 6 -9
0 -115 202
1 87 -202
1 50 -214
1 193 -236
1 60 -223
0 -91 220
0 -44 204
1 28 -211
2 0 7
0 -62 218
0 -133 203
1 112 -213
1 63 -215
1 44 -217
2 -2 23
2 -2 -11
2 -14 8
2 -5 -11
1 -14 -211
1 47 -214
2 -6 0
2 16 4
2 33 5
2 -13 0
2 2 3
2 -13 16
2 -15 -11
2 11 12
1 -27 -199
2 3 20
0 -56 216
1 58 -221
1 -28 -206
2 -2 -18
0 -14 200
2 -14 -2
1 -30 -190
2 2 25
1 6 -192
2 -13 -2
1 63 -196
2 -1 -11
2 -3 -8
0 -18 217
2 3 11
0 -65 197
2 31 -13
2 -20 -9
1 68 -208
2 6 -4
1 0 44
2 4 -8
1 61 -205
1 45 -211
1 -15 -193
0 -66 231
0 -49 223
1 -12 -214
0 -56 205
0 -78 205
1 -18 -205
1 -3 -203
0 -101 215
2 -1 -2
2 -8 -5
0 -111 221
1 146 -203
2 -24 -2
2 -5 -1
2 -4 13
2 -13 12
1 89 -211
0 -119 211
0 -68 211
1 18 -200
0 -67 192
1 114 -212
2 15 -10
2 -7 6
1 75 -192
0 -15 220
0 -70 184
1 49 -220
1 66 -210
0 1 199
1 73 -207
2 -2 0
1 93 -223
2 -8 13
0 -53 212
1 106 -214
0 -11 222
0 54 210
2 9 -23
0 -34 190
0 -63 205
1 40 -212
0 -59 205
1 77 -210
0 -1 218
1 172 -208
0 -78 258
2 5 3
2 -14 1
2 -15 -8
0 5 224
0 -42 207
0 -60 211
2 -11 10
0 -33 219
1 56 -210
2 -3 5
2 -15 23
0 -45 205
0 26 221
0 -5 239
2 -10 -19
0 -82 194
2 1 -6
2 -7 -13
2 -8 0
0 -60 209
0 -5 210
1 9 -220
0 -120 211
2 -10 -4
2 2 17
0 -32 204
0 3 218
0 -26 212
2 3 -2
1 57 -218
2 14 -4
0 -46 219
1 84 -224
1 68 -207
2 3 -6
1 38 -194
1 99 -202
1 92 -230
0 -70 203
2 -6 2
2 8 -5
0 -22 225
0 -34 209
2 -3 15
0 -157 219
1 61 -207
2 9 -2
0 -134 212
0 -56 219
1 105 -196
2 3 22
2 -9 -1
1 118 -208
0 -100 206
1 111 -227
2 -8 -5
2 -1 -15
0 -28 211
0 -73 189
1 15 -203
2 11 11
0 -45 212
0 -163 217
1 72 -227
1 53 -213
1 44 -209
0 -17 208
2 3 4
1 137 -201
0 -60 209
2 -9 7
1 38 -211
2 -2 -5
2 -3 6
1 90 -222
0 -75 206
1 111 -222
2 13 8
2 -8 4
2 -3 2
0 -16 200
1 -51 -221
2 2 2
1 8 -214
2 0 -9
2 -1 -5
1 -12 -220
2 -2 -17
1 23 -221
2 17 17
1 -34 -227
2 -2 9
0 47 203
0 20 213
1 125 -209
0 -59 196
1 5 -202
0 -14 219
1 17 -203
1 -11 -213
0 -80 210
0 26 195
1 33 -195
0 -9 208
0 -21 214
1 10 -194
2 18 13
1 -18 -220
2 5 -4
0 -110 201
0 -81 200
1 63 -229
0 -2 202
2 -19 11
1 -75 -226
1 66 -196
0 -32 213
2 -13 7
1 74 -212
1 128 -213
0 -54 192
1 35 -205
1 87 -214
2 7 9
1 39 -206
2 23 18
0 -115 211
0 -92 208
0 -41 230
0 -2 201
0 51 219
2 5 -1
2 -5 -10
0 -1 208
0 -6 234
0 -24 205
0 -27 201
1 106 -215
2 5 9
1 62 -211
2 11 -1
1 136 -205
1 31 -193
0 -148 205
0 66 194
2 18 7
2 -16 -13
1 65 -218
1 32 -241
1 66 -199
0 -63 208
0 21 218
1 6 -217
1 62 -208
0 -4 215
2 -10 6
2 9 -4
0 -17 207
2 -10 -21
0 -48 210
2 -12 3
2 -132 -12
2 8 5
2 2 1
0 -83 198
0 24 209
0 -31 216
2 -8 -5
0 -45 206
0 -107 211
1 138 -227
1 5 -212
2 -17 -10
2 0 3
1 11 -240
2 2 5
0 -156 208
0 -39 217
0 -41 209
1 17 -189
0 -78 212
2 6 2
1 62 -215
1 79 -207
1 -11 -200
2 0 11
0 -73 186
0 67 212
0 -132 201
0 -107 218
2 0 -3
0 16 204
2 11 15
2 8 -2
2 -2 -2
1 123 -225
2 -14 12
1 99 -209
1 13 -197
0 -85 197
0 -15 207
0 -41 207
0 -71 216
2 15 3
2 3 2
1 18 -203
2 2 -1
0 -50 213
2 5 7
0 23 222
1 49 -221
1 22 -214
2 2 -10
0 -46 213
2 -27 19
0 -55 213
2 3 0
1 70 -192
0 -22 207
0 11 220
0 -146 196
2 2 -4
2 2 24
2 12 7
0 -118 -111
2 1 6
2 -8 -18
1 121 -194
0 -29 227
0 -38 207
0 -4 206
2 -8 0
1 86 -216
1 102 -215
0 -45 222
0 -110 217
1 41 -218
0 30 216
0 -57 201
2 -17 9
2 -12 -7
0 -16 213
2 -15 -191
1 52 -229
1 -6 -222
1 -70 -201
2 2 -10
2 9 6
0 -25 194
1 85 -209
2 17 -10
0 -18 202
2 -4 -7
1 59 -219
0 -14 213
2 -4 7
0 -59 219
0 -101 199
2 -13 -4
0 -57 213
1 75 -201
0 -33 210
0 -40 219
1 94 -204
1 45 -198
0 18 215
2 13 11
2 4 -2
0 -68 204
0 -150 203
0 -44 201
2 3 -3
2 12 10
0 -122 215
1 -32 -203
0 28 213
0 -26 193
0 -72 220
1 14 -197
0 -103 208
2 10 -2
0 -93 214
2 3 1
0 -47 206
0 55 224
0 -96 221
0 -147 210
2 1 -7
2 2 8
2 0 -11
1 87 -224
2 -5 10
0 -40 222
2 -4 -8
1 8 -201
2 3 10
2 6 1
1 48 -212
0 -40 226
1 -43 -214
0 20 196
1 71 -202
0 -52 232
2 1 -11
0 -89 201
2 8 2
0 -30 210
1 -38 -195
0 24 202
1 86 -220
0 -50 216
2 1 -2
2 1 1
1 147 -214
1 41 -200
1 81 -221
1 98 -223
2 1 10
0 -7 224
1 92 -213
2 -3 3
0 -89 225
1 -62 -216
2 -8 3
1 55 -208
0 -21 202
2 -13 -11
2 -28 -4
2 4 0
1 41 -210
2 -1 11
0 -61 212
0 26 222
0 -32 219
0 -9 223
0 39 219
1 56 -218
1 49 -217
2 7 -16
1 57 -210
0 -100 224
0 -62 205
1 87 -215
2 -9 3
1 -31 -200
2 -3 -5
1 46 -194
2 -12 -8
1 -78 -226
1 3 -231
0 63 207
1 38 -218
2 18 8
0 -38 212
2 -6 -5
2 12 -6
1 19 -210
1 21 -204
1 27 -209
1 93 -207
0 74 214
0 -76 222
1 133 -194
2 11 3
1 30 -199
1 2 -225
1 86 -216
2 1 -9
2 -3 3
2 -10 -3
2 12 -8
0 -40 224
2 4 -4
0 15 201
1 19 -227
0 -62 207
2 -9 0
0 70 200
0 -21 204
1 66 -202
2 -9 -6
2 -9 -3
2 3 4
0 -44 205
0 -92 207
2 3 11
1 135 -215
0 -64 209
2 -8 -4
0 -80 220
0 152 203
0 -71 205
1 -22 -228
1 63 -205
2 2 -11
2 -8 -6
2 -16 17
0 -83 209
2 -5 -8
2 0 15
1 96 -203
0 -122 210
0 -24 217
1 111 -228
1 50 -209
0 -84 206
2 -230 8
0 -39 210
2 -13 -20
2 -3 10
0 -28 226
2 -3 10
1 -56 -205
1 76 -219
0 -8 212
2 2 8
0 -102 203
2 3 7
2 15 -19
0 -56 213
0 -58 215
2 -11 1
1 25 -234
2 9 6
1 120 -208
2 -19 -10
2 11 -4
2 -15 4
2 -4 -16
1 88 -216
2 11 13
1 18 -213
1 27 -196
0 35 217
2 14 12
2 -3 10
0 -95 214
2 -13 0
1 89 -219
0 -76 209
2 6 1
0 -41 209
2 -7 1
1 55 -227
0 10 194
0 -15 187
0 23 231
1 33 -218
1 11 -201
1 29 -201
1 32 -214
2 -3 15
0 44 193
0 -24 193
0 -46 214
1 34 -206
1 -45 -217
1 57 -219
1 10 -201
2 -6 9
1 14 -210
0 -80 216
1 86 -207
0 -79 215
1 75 -206
1 36 -213
1 -90 -193
1 113 -212
2 -3 8
1 114 -212
1 34 -219
1 4 -204
1 213 -192
2 13 -8
1 86 -205
1 30 -190
2 -20 4
0 -56 217
2 16 -12
1 -53 -218
2 -7 -16
0 -105 218
2 -8 12
0 -55 211
2 -1 -8
0 -119 220
1 43 -224
2 -9 -4
1 22 -205
2 1 -204
1 90 -207
0 -70 224
2 -10 -4
2 14 8
0 -32 204
1 159 -209
0 -75 223
2 4 -14
1 92 -222
1 15 -217
1 52 -204
2 9 -1
2 4 -14
2 -13 -9
2 2 2
2 -1 36
0 -59 210
1 95 -190
0 3 224
0 -139 191
2 3 -2
2 6 -10
1 -1 -208
0 -142 220
0 -1 205
0 17 199
2 -8 -17
0 -24 204
1 -4 -196
0 -95 200
1 93 -215
1 -7 -202
1 4 -204
2 -3 -6
1 175 -215
0 -74 213
0 -169 216
2 -2 2
2 -2 -14
2 5 18
2 -12 4
0 33 205
2 13 5
1 3 -212
1 12 -214
0 -5 195
2 -11 -1
0 -89 206
0 -67 237
2 13 6
2 -4 -3
2 12 12
2 -4 0
1 -43 -196
1 22 -213
2 9 -5
2 -15 -14
0 -95 196
2 4 9
2 -45 0
0 -14 229
2 6 14
1 36 -195
2 3 -13
0 23 209
1 31 -202
1 6 -205
0 -18 220
2 27 3
2 -5 10
0 -11 201
1 40 -209
1 129 -199
1 -37 -203
1 30 -207
0 22 208
0 -12 212
2 -7 1
0 -118 186
1 -31 -231
1 80 -201
1 115 -200
2 14 -2
0 -31 201
1 -38 -207
1 105 -212
1 16 -205
0 -85 237
0 -69 213
2 7 4
0 -72 199
2 -5 -7
1 101 -201
0 -96 205
1 77 -197
1 11 -228
0 -42 229
1 47 -204
0 -99 207
0 -86 234
0 -40 207
0 -140 209
1 32 -210
1 74 -219
2 0 9
1 46 -210
2 6 10
1 74 -215
1 28 -234
0 -86 206
2 -6 4
1 31 -204
0 -19 205
1 22 -205
2 3 3
1 -29 -221
2 -11 -3
1 136 -200
0 -28 207
2 3 -9
2 -15 -19
2 8 6
2 5 12
1 56 -238
1 40 -203
1 89 -200
2 5 17
0 -93 228
0 -21 213
1 93 -197
1 -54 -196
0 -44 200
0 -131 210
2 14 21
1 50 -212
0 -43 229
1 6 -221
2 -5 8
0 -7 210
1 39 -200
2 6 -8
1 88 -212
1 85 -229
1 -2 -213
1 113 -226
2 -2 16
1 22 -203
2 -9 11
0 -85 203
2 1 -3
1 69 -207
0 -45 212
1 28 -197
0 -80 234
0 -71 210
2 6 9
2 -5 -9
2 0 -3
0 -94 203
2 18 7
1 133 -199
2 -6 10
1 51 -202
2 -11 -8
2 18 -2
0 -114 209
2 -14 -17
1 -5 -219
1 24 -206
1 30 -216
2 -7 20
0 -84 220
0 -149 225
0 4 204
2 13 -2
2 -2 -6
2 -3 -11
2 -15 -2
2 5 7
2 -13 16
2 3 -17
0 -53 217
0 11 217
2 -8 -15
0 -1 205
2 -15 -1
0 -68 233
0 -84 216
1 69 -202
0 -103 207
0 -64 207
2 -1 6
0 -112 202
1 82 -219
0 -40 210
2 21 -7
0 51 208
1 164 -213
2 -13 9
1 157 -201
0 -32 206
2 -1 5
2 -7 10
0 -50 198
1 57 -201
1 88 -220
0 -71 197
0 -149 211
2 2 4
0 -91 216
1 -13 -227
2 -4 7
2 -2 -13
2 -10 5
0 2 195
1 50 -199
1 76 -190
1 146 -205
1 147 -212
0 -115 204
1 21 -218
0 -15 218
1 -32 -202
1 63 -198
2 6 -11
2 -11 7
0 -27 201
0 -76 215
1 59 -196
0 -70 210
1 -44 -201
1 58 -230
0 -3 199
0 -53 220
0 -32 210
1 -48 -210
1 79 -211
1 128 -202
2 2 4
2 -3 -15
2 -5 -14
2 -4 21
1 65 -210
2 15 -6
0 -134 208
0 -67 215
0 -89 216
0 62 195
1 48 -206
2 -2 -2
1 47 -215
2 -8 11
0 -48 202
1 -11 -217
0 -44 211
2 -4 -1
0 -26 204
0 -22 196
1 -11 -205
2 9 3
2 11 -1
1 46 -203
2 -4 -6
2 -10 -5
1 56 -209
0 -31 213
0 -132 200
2 15 5
2 3 4
2 -2 19
0 -58 211
1 -1 -206
0 -21 205
0 -55 218
1 88 -218
0 -83 207
2 5 2
2 10 4
1 73 -225
2 6 3
1 49 -213
0 -134 198
2 -10 -4
0 -60 214
2 0 -3
1 105 -206
1 22 -220
1 57 -215
0 -58 203
2 -10 12
2 -3 -7
0 -69 187
1 53 -236
1 50 -211
1 92 -221
0 21 195
2 -11 14
2 -1 6
2 -16 -5
1 15 -220
2 -14 -10
1 -2 -202
1 49 -217
0 -71 216
1 25 -205
1 68 -204
0 -55 231
2 13 6
0 -126 221
0 4 214
2 4 3
0 -38 205
1 -50 -206
0 -60 207
1 133 -207
2 6 8
0 -133 200
2 15 1
0 -33 203
2 -12 -4
2 -3 -7
1 19 -211
0 -37 215
2 -7 -18
1 34 -228
0 -110 212
0 -92 203
0 -12 201
2 -8 -19
2 11 2
2 13 1
2 0 2
0 -21 223
1 63 -211
0 -93 204
2 5 -3
0 6 208
0 -58 198
0 -61 197
0 -65 201
0 -7 199
1 87 -220
0 -29 201
0 -63 209
2 5 6
2 5 3
0 -43 220
0 -59 207
0 -61 210
1 72 -218
1 62 -208
0 -196 224
0 -57 204
2 5 25
1 -66 -214
1 15 -212
2 7 -2
0 -58 211
2 13 -7
0 -54 207
0 -94 211
1 85 -218
1 125 -226
0 -123 220
2 -1 9
1 146 -212
0 -68 215
2 -3 2
0 -114 203
2 6 6
2 0 1
1 81 -212
1 36 -205
2 10 3
1 61 -214
0 -128 193
1 0 -211
0 -21 213
2 0 -4
0 -138 228
2 13 0
2 -12 4
0 -40 213
2 -12 -1
0 8 211
2 -27 12
2 -4 -13
1 62 -223
2 -10 -22
2 -8 2
1 -4 -211
0 -104 186
1 49 -209
2 2 0
1 88 -220
0 -97 222
1 54 -209
1 1 -220
2 7 8
1 64 -212
1 21 -224
0 -42 224
0 -121 191
1 -54 -199
1 122 -197
2 -5 -1
0 38 218
2 -5 -13
0 -149 214
1 76 -214
2 8 8
1 -77 -204
0 46 228
2 10 -8
0 -143 203
2 -6 15
0 -36 217
1 106 -208
0 -63 213
2 10 -17
0 14 213
1 18 -201
0 6 197
2 2 10
1 60 -208
0 -2 202
0 -64 208
1 19 -188
2 -4 -4
1 22 -220
1 17 -210
0 -68 217
2 2 2
2 14 -13
1 40 -205
2 -4 -1
1 45 -187
0 -62 213
1 90 -201
0 -30 200
1 -56 -214
0 -149 206
0 -53 209
1 109 -221
1 34 -217
1 79 -198
1 -8 -217
0 -16 208
0 -140 204
0 -85 207
2 -10 -2
2 -12 -2
1 186 -205
1 -15 -235
2 -4 -7
0 -37 222
1 -6 -212
2 8 -23
1 126 -216
1 46 -219
0 -93 206
0 -36 209
2 -13 -7
2 4 -9
2 2 -22
0 -81 209
1 54 -193
1 26 -209
2 -2 -10
2 -1 2
2 -19 13
2 2 -6
2 20 -2
2 -14 12
2 -4 -7
0 -15 197
1 32 -229
1 123 -213
0 -96 234
0 -84 213
1 133 -202
0 -128 197
2 -21 4
1 111 -218
1 -1 -206
1 106 -214
1 108 -218
1 3 -207
1 23 -229
0 -25 205
1 -48 -219
2 -4 -4
0 -104 222
1 46 -208
2 25 -2
1 10 -207
2 -6 9
2 0 -10
0 -91 186
0 -113 197
0 -55 201
1 47 -215
0 -111 224
1 21 -214
0 -67 227
0 -16 198
1 -44 -225
0 -40 190
2 0 24
1 21 -200
0 -33 201
2 5 -10
2 -10 7
0 -43 210
2 3 5
1 14 -209
1 69 -196
2 4 -7
0 -44 202
0 5 210
2 -8 2
0 -24 211
1 62 -196
0 -4 204
0 -124 211
2 1 -9
2 1 -10
2 3 14
2 -11 -15
1 125 -219
2 -7 8
0 -141 211
1 45 -224
0 -112 200
0 27 208
1 54 -215
1 39 -201
1 118 -202
0 -103 204
0 16 198
0 46 207
0 -193 210
2 2 0
1 27 -224
0 -107 211
2 15 0
0 -9 212
2 0 -2
2 -2 17
0 -90 206
0 -78 222
2 -12 -2
2 -13 4
0 -47 215
0 -67 218
2 -3 -5
2 0 -3
1 10 -214
0 -14 208
0 13 221
2 3 -3
0 -95 215
2 13 -1
1 53 -215
2 20 -1
1 100 -228
2 19 0
1 42 -204
1 10 -202
0 -122 197
2 1 -6
0 -95 211
0 -47 210
2 -14 -14
0 -70 216
2 0 -11
0 -99 211
1 157 -214
1 74 -212
2 5 23
1 34 -194
2 9 14
0 -63 216
0 -22 233
2 5 -8
0 -77 204
2 0 13
0 -78 210
2 -8 -1
2 6 4
2 -6 14
2 -21 -11
1 -30 -229
2 7 5
0 -3 214
1 79 -221
1 166 -218
0 -82 201
2 19 -5
0 -29 220
2 0 -1
1 60 -196
1 5 -217
2 -11 -13
2 -25 13
2 -4 2
1 74 -195
0 -134 217
2 -14 -6
2 -2 5
2 -1 11
1 1 -214
2 1 -12
0 -81 202
1 40 -201
1 40 -209
1 -53 -207
2 -6 19
2 9 -1
1 49 -193
0 -110 199
2 -8 2
1 47 -202
1 -48 -215
0 -40 206
2 -7 -1
1 82 -215
2 3 -16
1 74 -209
1 90 -217
1 125 -194
1 40 -204
1 118 -206
2 0 -11
2 23 -4
1 69 -200
0 -69 202
2 -1 -8
0 -53 223
1 3 -192
0 -29 197
0 -41 207
0 -22 224
0 -73 212
1 -27 -195
2 -12 -1
1 200 -198
0 -53 211
0 14 194
1 97 -215
1 18 -203
1 52 -215
2 13 3
1 23 -201
0 -45 195
2 13 1
1 97 -200
1 43 -223
2 11 -6
2 6 2
0 -87 213
1 46 -196
2 2 8
0 -69 195
2 0 -11
0 -46 203
2 -16 -11
0 -88 212
2 -17 -7
2 -1 -11
1 90 -215
1 -54 -208
1 38 -213
0 -105 217
0 -30 214
1 102 -218
2 -2 2
1 10 -234
2 -3 -17
1 55 -228
0 -41 215
0 -41 201
1 103 -216
1 74 -215
1 51 -202
2 -11 -4
1 53 -190
2 17 -18
2 4 -17
1 136 -207
1 34 -219
2 7 1
0 -126 216
1 85 -212
2 12 -16
1 13 -208
0 -86 217
0 -44 202
1 89 -209
0 -86 210
0 -50 224
0 -84 210
1 -6 -203
1 -44 -222
0 18 231
2 -8 -13
2 15 19
2 -4 -14
0 12 215
1 -43 -213
2 -13 -12
0 -55 217
2 -9 -7
0 -148 210
1 126 -211
2 -20 -5
2 -6 12
1 48 -215
0 -48 219
0 -22 209
1 53 -213
1 36 -208
0 -24 225
0 -6 226
0 52 205
2 -12 7
2 -4 -13
2 16 5
2 -9 -8
0 -34 217
2 9 10
1 18 -218
0 -55 217
2 14 23
2 6 -23
1 -5 -209
2 -3 -2
2 0 14
0 -48 212
1 186 -201
0 -12 215
0 -76 205
0 -129 224
2 -1 12
1 -11 -208
1 12 -228
2 0 -6
1 66 -211
2 1 -7
1 50 -222
0 -64 190
2 -8 -5
0 -103 201
1 48 -210
0 -190 202
2 12 -1
2 -7 2
2 5 7
0 -142 208
1 57 -206
2 7 9
2 1 -8
2 -7 -5
1 52 -221
1 119 -222
0 -50 209
1 37 -224
0 -60 228
2 -10 15
1 -47 -195
0 5 206
0 -2 207
1 59 -208
1 132 -194
2 -5 9
0 -98 198
0 -113 210
0 -31 210
1 11 -225
1 45 -212
2 0 -18
0 -74 214
2 -11 10
0 -43 209
2 12 21
0 -48 223
2 -6 -19
2 -19 8
1 10 -215
0 -28 215
1 87 -214
0 -68 202
2 -17 13
2 -6 187
1 65 -194
0 -68 203
1 31 -220
2 17 -58
1 94 -203
2 -2 15
1 8 -208
1 5 -208
0 -86 221
2 -6 -4
1 57 -223
2 -4 4
1 171 -208
2 11 0
1 134 -228
0 -87 211
2 -8 7
1 42 -207
0 33 210
2 1 -4
2 -5 1
2 11 7
2 -8 19
0 -38 209
0 -28 219
1 104 -220
2 -8 15
0 -123 213
2 6 3
1 49 -211
1 12 -220
2 -4 -4
0 -9 210
2 11 24
1 5 -219
0 -33 218
0 -134 198
2 3 4
0 -60 202
0 62 190
1 47 -199
1 -7 -200
1 39 -195
2 3 -5
1 -4 -199
2 -2 9
2 -14 0
2 -23 3
0 -84 200
2 12 1
1 -63 -200
0 -18 224
1 25 -198
1 56 -206
0 -96 204
0 -79 213
0 -138 200
1 135 -202
0 -85 222
1 -32 -214
2 10 -2
1 27 -196
1 1 -213
2 -1 0
1 27 -230
2 2 136
0 18 196
0 -35 214
0 3 214
2 -9 17
1 147 -202
1 151 -198
0 4 188
2 5 -8
1 65 -225
1 83 -216
2 -1 0
0 11 207
2 -10 -1
0 -51 205
0 -31 212
0 -25 214
0 -19 225
1 106 -213
2 20 10
0 -16 201
1 6 -226
2 5 3
1 0 -220
0 -144 205
0 -95 216
2 19 -14
2 7 5
2 7 -18
0 -126 199
2 12 -2
0 -14 207
2 3 -4
1 75 -218
1 108 -210
2 9 -9
2 2 -8
0 -36 211
1 13 -214
1 3 -210
2 2 10
1 63 -217
0 122 220
0 -85 203
1 104 -217
1 198 -216
2 15 -1
2 1 0
0 -120 217
2 5 -7
0 50 244
2 -5 -2
1 61 -210
0 38 210
0 9 212
2 -8 -30
1 37 -216
2 11 1
0 -7 226
1 33 -193
1 123 -213
2 -8 2
0 -123 227
1 118 -202
2 -4 9
1 86 -215
0 -55 234
1 -57 -209
1 132 -202
1 74 -203
0 -50 207
0 -19 199
0 -83 211
0 -35 225
2 0 0
1 -12 -210
0 -3 220
0 -46 214
1 101 -201
2 2 298
1 -8 -204
2 8 -5
1 70 -199
0 -145 216
0 -147 208
2 8 11
1 -12 -201
2 -2 2
0 -5 221
1 4 -221
0 48 181
1 95 -217
1 101 -220
0 37 194
2 -5 6
0 -62 201
2 3 16
1 -2 -212
2 5 9
2 0 -4
1 53 -219
0 3 209
2 15 7
2 3 2
1 -11 -200
0 -92 202
0 -113 195
0 -94 215
1 23 -215
2 -5 1
2 -7 0
1 101 -204
1 14 -197
1 -19 -200
1 39 -206
2 6 -8
2 -9 -10
0 -69 214
0 -60 207
1 80 -205
2 -11 -8
1 75 -205
1 124 -210
1 36 -200
0 -72 211
2 -3 -9
0 -115 215
2 -3 -5
2 17 6
1 101 -218
2 -5 6
2 12 -26
2 6 -8
0 4 201
0 -26 213
0 52 207
2 3 7
2 -7 -2
1 55 -199
0 -66 207
1 -27 -214
0 -37 221
1 30 -228
0 -44 201
1 85 -207
1 46 -193
0 -56 199
0 -37 194
0 -36 232
1 97 -196
0 0 219
0 -98 219
1 103 -219
1 47 -221
1 80 -211
0 -64 189
1 59 -214
2 6 19
1 36 -212
0 -146 207
0 23 206
1 79 -230
2 0 10
1 -13 -197
0 -59 217
1 99 -205
0 -31 217
0 -90 206
2 5 -1
1 130 -208
1 49 -210
2 6 -6
1 18 -203
0 -110 215
1 67 -222
2 6 -2
2 -3 -12
0 -55 200
2 8 24
1 61 -208
0 -56 200
0 -104 208
1 13 -199
2 -9 -6
0 8 213
1 35 -209
0 -80 203
0 -134 214
2 -11 5
2 -4 -13
2 11 -4
1 89 -225
2 0 -2
2 0 4
1 24 -217
2 -6 -3
1 38 -221
1 44 -198
2 7 -1
1 119 -208
2 11 -10
1 14 -193
1 80 -206
0 -110 194
1 103 -215
1 1 -218
0 -120 198
2 9 -10
0 -16 232
0 -68 218
2 15 -17
0 -107 205
0 -67 207
1 5 -209
2 -3 -17
2 0 18
1 -6 -199
2 -7 -5
2 -15 5
2 9 -18
1 2 -203
0 -89 207
2 -4 -5
1 127 -194
0 -66 218
1 17 -209
2 -5 5
1 24 -210
2 -11 7
1 24 -201
2 -16 18
0 -50 200
1 37 -221
0 -66 214
1 -17 -200
0 -25 221
2 -13 -14
0 -112 200
2 1 6
0 37 218
0 -40 195
1 87 -226
2 -9 8
0 -98 194
0 -54 187
1 83 -280
0 30 195
2 -3 -13
0 -53 200
1 -52 -207
1 15 -212
2 8 -3
2 6 -3
2 11 8
0 -103 199
1 99 -207
0 -88 214
1 59 -203
2 -7 2
0 -55 209
2 10 -7
1 44 -219
2 -5 -2
0 -41 207
2 -4 -19
0 5 204
1 -13 -219
1 7 -206
2 6 1
0 -29 206
1 35 -204
0 -75 210
0 18 210
0 -82 207
0 -34 195
1 -7 -200
1 25 -220
0 -121 205
0 -108 218
2 19 14
1 82 -206
2 -20 6
0 37 212
0 -110 202
2 -4 2
1 62 -218
1 96 -218
1 145 -219
2 4 -14
1 59 -210
0 -22 206
1 101 -206
1 23 -200
0 37 212
1 1 -210
0 -48 223
0 -56 208
1 67 -205
0 -69 210
0 19 222
1 24 -209
0 -112 201
0 -74 214
2 -3 -8
2 16 -7
1 169 -213
1 39 -201
0 -127 216
1 -20 -205
0 -132 209
2 1 -4
1 129 -200
2 -10 1
1 70 -209
1 9 -214
1 61 -204
2 7 1
0 -86 210
1 92 -225
0 -65 213
1 171 -202
0 14 210
0 -28 215
1 39 -223
2 -8 0
1 161 -222
1 109 -201
0 -76 197
0 -96 225
2 0 -4
2 -5 -17
0 -1 206
2 3 2
2 -7 -11
1 18 -207
0 -47 219
2 1 -3
2 2 -8
2 5 -5
2 2 -17
2 12 -4
0 -4 220
1 97 -212
2 12 -4
1 -15 -211
1 -74 -221
0 -94 205
0 -18 197
1 37 -219
0 -114 -11
0 -100 204
2 8 17
1 119 -213
0 -154 204
0 -49 227
2 15 1
2 17 22
0 -58 218
1 78 -194
2 1 7
2 2 20
0 -109 219
1 102 -223
2 1 1
0 -22 221
2 -6 12
0 -134 215
1 61 -205
2 11 3
0 -54 198
2 -19 -5
0 -33 204
0 -71 202
1 4 -223
1 35 -229
0 -102 219
2 11 -17
0 -5 207
1 22 -214
2 -1 -7
0 -3 202
2 -2 -15
1 49 -202
0 55 212
0 -17 211
1 -85 -208
1 36 -225
2 7 -14
2 5 8
1 77 -219
2 -12 -8
1 107 -216
1 81 -226
1 116 -194
0 -122 195
2 13 3
2 1 -8
0 -68 202
0 -49 210
2 6 -14
0 -32 198
0 -29 225
2 1 -2
2 0 -3
1 36 -223
0 -89 203
0 -13 209
2 15 -1
1 79 -211
2 -12 18
1 36 -222
1 60 -206
1 129 -223
1 136 -210
0 -35 214
0 -53 218
1 52 -211
1 119 -209
0 -64 207
1 -13 -208
0 4 184
2 2 10
2 -9 5
0 -147 224
1 109 -212
0 -46 228
2 10 -14
0 9 216
2 8 18
1 67 -202
1 109 -205
0 -45 201
2 -12 -3
1 -11 -215
1 41 -222
0 -97 217
1 36 -189
0 -50 213
1 104 -208
0 -108 234
0 -42 192
0 -152 206
1 36 -219
2 13 -6
0 -33 212
0 -121 202
1 14 -208
1 35 -206
2 -4 7
1 94 -211
0 -69 216
0 -151 230
0 -66 226
1 49 -217
0 -65 204
2 -7 10
2 3 5
2 -7 -12
1 154 -207
0 -70 185
2 10 -5
1 -6 -215
0 -77 208
0 -13 204
0 19 208
2 -5 13
1 34 -225
1 9 -199
2 -2 7
0 -71 214
1 83 -213
2 -1 -2
2 22 -13
1 -53 -193
2 -1 1
0 -60 199
0 89 208
1 -3 -204
1 54 -218
0 -66 217
0 8 208
2 -1 -8
2 8 2
0 -3 208
1 18 -223
1 -72 -206
1 43 -209
2 2 -3
1 28 -208
1 12 -194
0 -49 205
2 13 10
2 -4 7
0 -12 218
0 26 206
2 -3 -28
0 -44 227
1 54 -219
2 -3 -2
0 19 205
1 116 -208
2 10 -11
0 -4 198
1 64 -215
1 26 -218
1 96 -199
1 15 -216
0 -27 217
1 47 -210
2 23 4
0 -104 207
1 -1 -214
0 -14 221
1 40 -195
1 50 -207
1 26 -213
2 -3 -10
1 -1 -200
0 -51 207
2 -5 -9
2 -13 -161
2 -3 -16
2 -15 14
1 2 -204
2 -8 -19
1 -22 -205
2 -6 20
2 8 6
0 6 211
0 42 225
2 5 2
1 81 -212
2 -5 8
0 15 238
1 81 -222
0 -29 210
0 -34 214
1 60 -220
0 -111 217
2 -1 4
2 -20 -5
2 -15 2
2 21 10
1 62 -201
2 6 6
0 -21 217
1 7 -201
1 63 -213
0 -102 219
2 -22 10
1 115 -225
0 -122 206
2 16 -18
2 -4 5
0 -19 202
0 -81 202
2 17 1
2 16 -9
2 0 3
1 14 -197
2 -4 20
2 -1 10
0 -71 215
1 -7 -224
2 3 -3
0 -63 212
0 -117 176
2 -2 11
1 -18 -216
1 123 -201
1 121 -219
0 -31 224
0 -103 202
2 3 1
1 12 -207
1 10 -205
0 -127 229
0 -164 223
0 -35 195
2 9 -6
2 2 6
2 0 -26
1 -7 -211
2 2 14
0 -85 195
1 33 -209
0 -120 215
2 -3 1
2 9 -3
0 0 211
2 -11 15
0 13 204
0 -68 231
1 50 -209
0 -7 205
0 -15 218
1 -27 -199
1 43 -188
0 -25 200
0 24 217
0 -24 211
1 110 -202
2 -6 12
2 -15 -11
1 26 -200
2 -1 -7
2 5 -15
2 -7 -11
1 71 -209
0 20 211
2 14 5
1 61 -198
1 67 -205
0 -74 223
2 2 2
1 76 -209
2 8 13
1 33 -208
0 -16 198
0 -84 225
2 -1 2
2 -10 5
0 -100 217
2 8 0
0 53 218
0 -33 200
1 92 -209
0 -37 207
1 47 -225
1 97 -191
1 60 -200
1 75 -199
1 53 -213
0 32 203
2 -11 -3
2 -22 10
2 -1 4
1 48 -201
2 6 -3
1 56 -220
1 16 -227
1 32 -220
0 -55 199
0 -91 200
2 15 -13
1 55 -201
1 50 -227
0 -32 211
2 -8 -8
1 28 -221
0 -12 221
0 -125 206
0 -9 209
1 44 -224
1 3 -193
2 12 11
2 -4 6
2 4 -8
0 -127 203
2 -1 1
1 74 -182
2 -7 0
2 12 -7
2 6 -11
2 7 2
0 -73 189
0 -77 220
1 10 -198
0 -40 199
0 -69 212
1 72 -212
0 -20 212
0 -136 210
1 141 -215
2 13 3
0 -75 213
0 -5 220
0 3 197
1 117 -210
1 44 -210
2 4 6
0 -5 220
2 -12 -2
0 -71 202
2 -10 -9
2 -18 28
1 -4 -214
0 -67 214
2 6 -3
2 -21 17
1 84 -220
2 2 -2
0 -26 212
1 89 -215
1 -62 -211
1 161 -218
0 24 192
2 9 6
0 -13 206
2 0 3
2 -2 -7
0 -77 219
0 -96 202
0 -149 207
1 37 -204
1 19 -223
0 -53 221
0 -64 215
2 0 1
2 11 0
1 -4 -210
0 -43 214
0 2 220
2 3 5
1 17 -229
1 145 -232
0 -24 212
0 1 207
2 -2 -15
2 -2 -22
0 -94 194
1 76 -182
1 50 -203
2 -3 -4
0 -7 217
2 -8 9
2 -18 6
2 -5 -4
0 -35 234
1 -7 -198
1 87 -216
0 56 217
2 -2 -1
2 -3 -9
1 67 -204
0 -38 215
0 -77 213
1 8 -207
1 55 -227
2 -8 -8
1 13 -227
2 7 -13
0 -15 185
1 54 -210
0 -76 202
1 69 -212
1 75 -210
1 20 -233
2 -3 12
2 17 13
1 39 -210
1 -2 -207
1 68 -210
1 -54 -200
2 19 -14
0 -62 220
2 4 9
1 79 -192
0 -35 203
0 -16 215
0 -66 209
2 -8 10
0 11 208
0 -109 183
1 40 -204
2 -22 2
2 -1 -8
2 -1 17
1 23 -210
2 -11 3
0 -32 213
2 20 8
2 -10 -9
2 10 -4
0 -40 181
1 69 -209
0 -28 208
0 -100 199
2 6 -6
2 3 -19
0 21 210
0 -27 219
2 -6 -13
0 7 215
0 -111 208
0 -66 226
1 -37 -221
1 -9 -215
2 -6 -5
2 -14 8
0 -31 209
0 -26 199
1 -58 -213
1 92 -216
0 -129 209
2 -1 -9
1 43 -219
0 -112 221
1 36 -207
1 -60 -218
2 16 3
1 117 -207
1 102 -202
2 -2 -19
0 -105 223
0 -114 212
2 -6 -9
0 -95 219
2 14 9
1 25 -215
1 84 -217
0 -143 218
0 -77 227
1 17 -214
0 -47 204
2 2 0
1 120 -231
2 1 1
0 -104 208
2 18 2
2 2 -1
1 28 -211
2 -2 -9
0 -25 222
2 -8 -14
1 6 -208
2 20 -13
1 36 -214
2 -7 -3
0 -135 208
2 -12 12
0 -78 201
1 -83 -198
2 -4 8
0 23 216
2 -3 9
2 5 12
2 10 -7
0 -39 207
1 108 -221
0 -35 197
0 -30 194
0 -71 222
1 -23 -214
1 74 -206
1 110 -206
0 -67 216
2 13 24
0 82 215
1 46 -226
1 44 -205
0 -52 206
2 3 2
2 12 15
2 3 24
0 -101 203
1 25 -220
0 32 198
2 8 -9
2 16 7
1 73 -215
1 50 -211
1 63 -202
2 -14 0
1 11 -218
0 17 214
0 -67 212
0 -81 209
2 -3 -12
0 -75 209
0 -110 213
2 2 -1
0 -85 204
1 86 -197
2 6 -14
2 -15 -8
0 -70 230
0 46 204
0 3 210
1 68 -232
1 61 -214
0 -29 219
0 -54 189
0 -98 199
2 0 8
1 73 -214
1 86 -210
0 -34 220
1 -34 -225
1 36 -216
1 58 -201
2 12 9
1 43 -172
1 66 -201
2 4 6
0 -23 207
2 -6 -3
0 -33 204
1 47 -199
1 58 -191
2 -8 20
2 -6 8
2 -9 -7
2 16 -11
2 -6 3
2 -9 20
2 17 6
2 -3 -1
1 137 -201
0 -64 194
2 0 6
2 -2 -1
0 -20 216
1 113 -232
1 25 -198
2 -11 7
0 -45 209
1 90 -232
1 50 -207
2 26 3
1 48 -217
2 -14 -3
2 -7 -11
1 65 -211
1 -26 -210
2 -1 -34
0 -134 206
1 15 -212
1 81 -229
0 32 217
1 37 -210
0 -49 202
2 2 6
2 6 -3
2 24 6
1 128 -198
1 76 -199
2 4 -17
1 36 -223
0 -135 201
2 -10 9
2 -11 -2
1 10 -194
0 -82 223
2 -3 5
1 45 -210
0 43 217
1 105 -194
0 -39 196
2 -10 -5
1 37 -207
1 26 -208
0 -106 201
0 -67 200
2 -35 -27
1 69 -201
2 21 14
0 31 215
1 105 -217
0 -51 232
1 49 -211
0 -25 208
0 -117 214
2 -12 2
0 -32 216
1 110 -216
0 -103 210
0 23 201
1 26 -215
2 -8 -1
0 -118 221
1 117 -204
1 31 -233
1 39 -199
1 101 -198
2 -13 -14
1 132 -201
1 47 -214
2 -1 1
1 -12 -223
2 4 -4
2 -4 16
1 30 -213
0 -77 223
1 54 -222
2 2 -12
0 -36 231
0 -50 210
0 -50 210
1 15 -214
0 -24 204
0 -147 216
2 -4 -12
1 42 -210
2 -11 -33
2 -8 11
2 -2 -5
0 -65 206
1 16 -210
1 104 -192
2 12 -1
1 83 -195
0 -26 193
0 -135 226
0 -33 208
0 -8 209
0 -30 207
2 14 -21
2 -2 24
1 47 -205
0 34 218
1 19 -216
1 59 -201
0 -13 209
1 74 -214
0 -139 212
1 41 -217
2 -26 0
2 -13 6
1 46 -207
0 -96 217
1 132 -212
0 -28 212
1 -72 -208
0 -43 216
2 21 3
1 5 -214
0 -47 221
0 -111 218
2 1 6
0 26 196
1 13 -185
0 -82 195
1 64 -208
1 -11 -207
0 -142 208
0 -77 200
1 93 -207
2 -3 5
1 59 -226
0 -91 218
0 -92 214
1 31 -228
1 142 -215
1 27 -225
1 90 -207
0 -78 206
0 -89 211
0 -61 222
0 -135 207
1 55 -214
2 5 -19
1 18 -205
0 -59 204
2 10 24
1 111 -202
0 -8 227
2 -2 10
0 -37 212
0 -3 209
2 -2 -11
1 -2 -197
0 14 205
2 -4 -16
2 -6 2
1 20 -209
2 -6 -7
0 -1 211
0 -77 200
1 4 -215
2 5 12
1 79 -208
1 12 -214
1 5 -229
0 -34 210
2 7 20
2 -13 -5
0 -91 205
2 -14 2
1 118 -212
2 30 14
1 43 -209
2 7 -5
2 1 -16
2 -6 1
2 -6 -25
1 91 -210
1 51 -222
0 38 207
1 25 -216
0 -106 202
0 -44 202
0 -90 201
0 -133 210
1 12 -221
1 102 -195
0 -69 192
0 -137 194
1 86 -202
1 161 -202
1 89 -207
2 10 -3
2 -1 -5
2 -7 -2
0 -31 207
2 3 0
1 55 -205
1 158 -219
1 -14 -185
1 46 -206
0 -53 213
0 -45 231
1 78 -190
0 -56 224
1 133 -224
2 3 7
1 64 -210
2 -7 6
1 4 -195
2 2 -6
0 16 231
2 -2 -2
0 -117 204
0 -76 193
2 -11 -9
1 6 -214
1 147 -197
2 5 4
2 -1 13
2 -1 3
2 3 4
0 -247 210
1 66 -206
2 15 -10
1 -19 -190
2 -12 6
1 53 -218
2 2 -6
1 136 -246
0 -2 209
0 -66 226
2 3 22
1 74 -214
0 -98 196
1 26 -199
2 -11 -6
0 -34 224
2 4 2
0 -76 202
2 -4 3
2 -7 0
0 -38 212
1 90 -218
2 -6 23
2 13 0
1 71 -229
0 21 201
2 1 9
0 26 210
1 75 -209
2 3 -3
1 28 -222
0 -17 206
1 17 -232
2 13 10
2 6 3
0 -111 217
2 8 13
0 30 215
2 1 -13
2 -11 -9
1 10 -217
1 94 -208
1 65 -197
2 -14 -13
0 65 222
2 -4 -298
0 -34 204
2 8 9
2 -4 -1
2 9 -10
1 41 -234
2 28 -3
2 0 -3
2 10 13
0 -81 208
2 0 1
2 -2 6
0 -64 214
0 -55 210
0 -37 203
1 154 -200
1 -98 -220
1 39 -201
2 9 -3
2 -8 -10
1 108 -229
1 67 -213
2 -7 0
1 155 -227
0 -77 193
2 4 5
0 3 217
0 -90 220
2 -2 11
2 14 -8
2 5 -3
0 77 208
1 17 -213
2 15 5
2 4 11
2 3 4
1 15 -210
2 -14 13
0 2 210
0 -16 188
0 -70 220
1 134 -225
0 -67 218
0 -47 204
0 -25 196
2 1 13
2 -3 -15
1 36 -216
2 1 -18
2 -4 -8
2 -10 -13
1 20 -209
0 8 208
2 -2 -1
2 -5 17
0 -90 224
0 4 203
1 117 -213
2 3 -16
2 -4 -3
0 -108 208
1 8 -219
0 -7 208
1 82 -196
0 -24 226
2 -11 -13
1 30 -194
0 -66 206
1 77 -199
2 1 -15
2 -1 10
2 1 -25
0 -88 211
0 -125 227
0 -49 217
0 -117 213
2 -28 3
0 46 214
2 0 5
2 -6 -8
2 -24 1
1 17 -196
0 -63 205
0 -81 220
0 23 220
0 -72 208
1 160 -204
2 2 -12
0 -25 205
2 15 8
2 -11 0
1 -14 -205
1 91 -209
2 1 12
2 -5 -7
1 64 -218
0 -23 217
2 16 9
2 16 5
2 -2 -16
2 5 11
2 14 -6
2 -12 -10
1 83 -206
0 -144 191
1 28 -216
1 141 -197
1 119 -214
0 -25 220
1 0 -197
1 0 -207
2 3 -18
0 -65 213
1 6 -204
1 27 -211
0 -3 192
2 60 -3
2 17 -11
2 8 13
2 -12 -5
2 26 6
2 5 1
0 -131 212
1 -53 -220
0 -109 209
0 -139 211
0 -113 212
2 -22 14
2 0 17
2 -14 -11
1 79 -220
2 4 -6
0 -120 223
2 -21 8
1 83 -217
0 -59 236
0 -86 199
2 -6 5
1 126 -210
2 19 -23
2 5 -4
2 19 -11
2 3 11
1 4 -215
1 141 -202
1 36 -221
1 53 -199
2 4 -3
0 -48 199
0 14 201
0 -47 198
0 -54 205
0 -87 214
1 -8 -211
1 55 -215
2 4 12
1 33 -211
0 -16 210
2 7 4
1 49 -195
0 -145 225
0 -63 188
1 34 -215
0 25 220
2 7 -3
0 -21 202
0 -91 198
0 -49 214
2 -15 13
2 -12 -8
0 -60 213
2 -13 5
2 -10 -9
2 1 7
1 64 -209
0 -12 199
1 -21 -218
2 11 2
1 -4 -207
2 13 -1
0 1 211
1 32 -220
2 -8 -6
1 71 -202
0 -63 222
0 -69 199
2 5 9
0 -180 215
0 -22 194
2 -16 -15
0 -94 210
0 -51 207
1 45 -241
1 89 -205
0 -72 214
0 -56 192
1 45 -188
2 -12 1
0 22 205
2 0 3
1 39 -216
2 -6 9
1 -32 -202
2 -8 9
0 -37 210
2 3 -7
0 -42 204
1 24 -216
0 -142 187
1 22 -207
0 -96 216
2 1 10
2 5 3
2 3 -13
2 -11 2
2 -13 4
0 -64 208
2 -15 9
0 -31 195
1 61 -203
2 15 -11
2 10 16
2 10 2
1 144 -210
2 1 -8
1 59 -205
0 -78 203
0 5 194
1 135 -200
0 -44 232
0 -14 195
2 -17 3
2 -11 10
2 -30 3
0 -66 207
2 -5 -8
0 -105 209
2 -3 4
0 -117 204
1 79 -216
0 -76 232
0 41 202
0 -64 207
2 13 21
2 0 -6
2 -3 13
0 -124 206
2 0 2
1 -35 -212
0 -70 190
0 -122 226
0 -46 211
2 -16 8
0 -100 194
1 69 -211
2 1 -16
0 -22 211
2 -5 -12
0 39 189
2 -2 -6
2 7 -4
1 29 -203
1 74 -194
2 1 -19
1 57 -191
0 -133 200
0 -76 219
2 -2 16
1 51 -200
1 88 -196
0 -92 212
0 3 207
2 4 23
0 -42 210
2 9 -14
2 10 -25
2 1 8
2 -4 -15
1 -3 -199
0 -67 206
0 -33 225
0 -69 215
1 68 -215
0 73 201
1 64 -198
1 84 -202
1 13 -215
1 -8 -213
1 -9 -205
1 89 -212
1 12 -221
1 77 -197
1 111 -208
2 8 7
0 -61 211
1 87 -207
1 65 -206
1 26 -194
2 7 -5
0 12 213
1 107 -207
0 -30 213
1 128 -218
2 2 -7
0 -128 205
0 -57 208
2 -2 4
0 -127 212
1 160 -216
0 -47 207
0 -39 201
0 -15 196
1 77 -212
1 122 -204
1 64 -206
2 6 -19
0 10 196
2 14 -7
0 19 209
1 41 -219
1 109 -198
2 0 -15
1 39 -209
1 59 -214
0 -101 218
2 -15 6
0 -100 186
1 109 -212
2 7 3
2 -20 -3
2 -2 -4
0 -86 209
0 -54 205
2 2 -2
2 -7 -2
2 -17 -2
1 -40 -215
1 52 -211
1 -44 -196
1 36 -215
1 45 -192
2 0 11
2 0 5
0 -213 187
0 -127 209
1 -38 -207
2 -13 10
2 -9 9
0 -29 220
2 -10 10
0 -91 210
2 7 -7
1 -11 -191
0 -112 210
2 -19 4
2 0 -6
2 3 11
2 -5 3
2 5 1
1 109 -230
2 -8 2
2 -25 -10
2 21 8
2 -4 4
0 -80 221
2 8 3
0 -141 208
1 19 -193
1 80 -228
2 14 -14
2 -16 -9
0 22 200
0 -26 197
0 -90 191
0 -205 210
2 2 -3
0 -14 233
2 -1 21
0 -47 213
2 -9 -4
1 72 -200
0 -119 214
2 2 10
1 16 -215
2 11 -17
0 -1 214
1 30 -218
1 85 -226
0 -51 207
0 -57 201
2 -4 4
1 10 -211
1 84 -232
2 11 1
1 72 -216
0 -41 226
0 -56 209
0 3 212
1 45 -216
2 -14 13
1 14 -201
0 -34 198
1 137 -208
0 -115 216
1 26 -212
0 -111 193
0 1 213
1 32 -199
0 -108 210
1 35 -208
0 -88 214
2 -10 -5
0 -89 204
2 -12 24
1 77 -203
1 78 -206
1 43 -219
0 -61 219
2 -12 -16
0 -87 209
0 -130 210
2 8 1
0 -80 190
1 12 -216
2 -3 -5
0 -37 222
1 119 -212
0 -57 208
2 -17 9
1 -55 -226
1 109 -199
1 41 -207
2 11 1
0 -60 216
0 -27 200
1 16 -198
0 -124 205
2 2 0
0 -47 217
2 -2 -10
1 19 -220
0 -88 234
2 -16 -5
0 -14 220
0 -84 212
1 93 -208
2 -8 -10
0 -100 202
2 0 -6
0 -73 192
1 77 -217
1 -7 -212
2 -25 -1
1 23 -217
1 99 -210
2 4 1
0 -83 212
0 -39 211
0 -23 202
2 -10 1
0 -92 209
1 60 -204
1 9 -219
2 -7 -2
0 -98 200
2 13 -1
0 -49 214
0 -17 224
2 9 -7
2 -8 0
2 -5 -6
1 30 -204
2 4 -15
2 -8 -19
1 104 -221
1 121 -206
1 32 -204
2 -20 6
2 5 1
1 -55 -210
2 -12 3
1 10 -215
1 91 -230
1 173 -205
2 5 11
2 13 -8
0 -48 196
1 -8 -197
1 4 -222
2 -6 3
2 -4 29
2 -1 -16
1 80 -212
1 92 -234
2 -17 -11
1 -9 -216
2 6 -13
1 -26 -207
0 -73 247
2 12 1
0 -60 220
2 6 20
0 -171 197
1 64 -201
0 -78 204
1 -39 -211
2 -4 -11
1 17 -212
1 94 -213
0 -50 218
2 0 -14
0 -19 205
1 64 -224
0 -43 224
2 6 15
2 3 8
1 76 -204
2 -8 7
0 -76 215
0 -65 207
2 7 23
2 -7 -12
0 -49 209
2 5 4
1 -20 -205
2 8 -9
2 4 -8
2 13 -7
1 0 -220
1 88 -209
1 10 -210
1 -17 -205
1 -8 -219
2 -10 -4
1 17 -197
2 -13 4
2 3 2
2 0 3
2 5 -12
0 -27 212
0 -33 200
1 53 -202
0 -74 211
2 -4 9
1 97 -229
1 4 -224
1 123 -217
2 0 5
1 62 -217
1 152 -206
0 49 204
1 101 -208
1 135 -201
0 -90 205
2 -10 -8
1 2 -199
1 75 -216
2 16 -7
1 73 -218
0 -56 192
0 -67 213
1 60 -202
2 -17 -7
1 103 -200
2 4 7
1 70 -193
2 -3 -21
1 107 -223
1 148 -201
2 -14 1
2 3 1
0 -95 194
1 -5 -220
1 54 -200
2 8 -2
2 -17 10
0 -55 202
2 -12 -9
2 -7 9
0 -78 231
1 50 -227
0 -2 199
1 39 -206
1 14 -214
0 35 215
2 7 -18
2 -13 -3
2 -4 -3
0 -59 203
2 6 -9
1 78 -206
1 -5 -208
1 47 -209
2 13 -13
0 9 215
0 -61 213
1 48 -199
1 97 -222
2 8 1
2 17 7
0 20 221
1 59 -215
1 40 -199
2 6 -4
2 -17 14
1 28 -200
2 14 16
2 -5 12
0 -127 209
0 25 226
2 1 7
2 -2 0
2 -8 -19
1 -56 -216
1 103 -213
0 -51 202
0 -105 201
2 3 -5
0 -26 207
1 -19 -195
1 122 -206
1 104 -212
2 12 -22
2 3 -20
2 -3 4
1 44 -210
0 3 196
2 1 -1
0 -98 206
0 32 210
1 144 -221
0 -126 206
0 0 214
1 43 -218
0 7 210
1 -12 -210
1 66 -202
1 -22 -212
1 64 -215
0 -64 205
2 15 -11
0 -51 211
0 -29 212
0 -79 202
0 -125 208
0 -126 205
0 -36 219
1 19 -211
1 104 -199
1 105 -205
0 -36 195
1 11 -208
2 14 -8
1 98 -196
2 8 2
0 -9 205
2 4 10
2 -9 -3
1 38 -219
0 -6 209
1 94 -210
1 51 -205
1 126 -189
2 0 -10
0 -91 216
1 73 -232
0 -79 211
2 23 14
2 -6 4
1 205 -208
0 -93 217
2 20 -11
0 -85 213
1 95 -212
2 -10 -18
2 3 -2
2 -20 8
0 -41 192
1 21 -209
1 -2 -200
1 35 -205
2 -4 -1
2 5 -3
0 -106 225
1 60 -190
0 8 219
0 -26 204
0 -41 235
1 37 66
1 133 -216
2 -10 9
0 -117 202
1 51 -196
0 -58 203
1 6 -208
0 -118 205
0 -44 207
2 6 -11
2 14 -14
1 20 -203
2 0 20
0 -19 214
1 60 -198
0 -115 214
0 -68 200
0 -54 211
0 -43 204
2 13 5
2 -10 6
0 -113 210
0 -72 203
2 -5 3
1 42 -212
0 -25 212
0 -49 210
0 -4 208
0 -167 215
0 -12 212
0 -70 203
1 139 -203
2 2 11
0 38 224
0 -53 219
1 -98 -219
1 107 -219
1 12 -203
0 -38 220
1 33 -206
1 62 -211
0 -89 223
2 5 -5
2 -3 -9
1 50 -205
2 6 -13
0 -66 193
0 -30 196
0 -9 202
2 -18 1
2 26 4
1 36 -203
2 9 2
0 -127 204
2 -14 -3
0 -42 207
0 -84 223
1 33 -199
1 13 -211
0 -37 199
0 -3 205
1 76 -216
2 -7 -14
2 -6 4
2 -6 -3
2 -4 1
2 -13 13
2 3 9
1 54 -216
2 -3 3
1 88 -218
1 85 -224
1 11 -228
1 142 -231
1 34 -202
0 20 207
2 -4 -1
2 15 2
1 77 -214
2 -4 -11
2 -9 23
0 -53 216
0 -96 216
2 -6 8
0 -177 194
1 102 -196
0 -4 228
2 -10 13
1 96 -216
2 -1 7
2 -2 4
1 6 -200
0 -124 206
0 -88 203
2 6 2
2 -20 -7
0 -51 211
2 -2 0
1 60 -200
2 6 292
1 -64 -207
1 51 -203
2 9 -2
1 20 -206
0 -33 207
1 74 -221
1 33 -221
1 40 -216
1 56 -198
1 125 -229
2 -15 -5
2 9 13
1 -64 -224
1 120 -223
1 54 -229
2 -9 -4
2 5 5
2 0 1
1 71 -203
0 -105 220
2 9 2
2 -10 -11
0 45 209
0 -116 217
2 -7 -8
1 14 -212
1 6 -200
1 81 -212
0 23 200
1 125 -214
1 -2 -215
0 -206 194
2 3 -4
2 2 -13
2 2 22
2 10 -2
2 12 -11
0 -41 202
2 -11 5
1 95 -213
0 -74 232
1 -51 -214
1 110 -222
0 -75 198
2 2 -6
2 2 15
0 -54 214
1 57 -196
1 -17 -217
1 77 -201
0 -85 202
2 -12 -1
2 8 -20
0 -22 211
2 2 -1
2 -12 -17
1 159 -223
0 15 208
2 10 2
1 10 -191
2 -1 10
2 -9 2
1 23 -222
2 2 -5
0 -56 200
2 -7 10
1 -1 -217
2 4 3
1 10 -206
1 67 -206
2 -11 2
1 76 -214
2 17 19
1 -23 -206
2 -15 -4
1 54 -226
1 30 -201
2 -2 6
1 43 -216
0 -31 215
1 77 -210
1 8 -222
2 11 -12
1 -6 -219
2 -1 13
0 -17 220
2 -5 -7
1 -47 -227
0 -74 205
0 -63 200
2 -6 3
2 -10 3
2 1 3
1 1 -235
2 3 2
0 -76 210
2 3 2
2 8 8
2 -15 2
1 67 -200
1 80 -198
0 42 215
0 -77 204
2 10 -15
2 265 -12
2 -12 14
0 -35 211
1 105 -221
0 -53 226
2 -14 -6
2 13 3
2 -10 -10
1 -43 -202
1 -17 -229
2 5 -1
0 -120 202
0 -26 217
1 68 -202
1 73 -226
1 90 -210
2 17 9
2 4 -11
2 0 6
0 -38 217
2 6 2
1 17 -187
2 2 1
2 1 -11
2 24 -3
1 20 -204
2 -4 -1
2 0 16
1 86 -199
0 -73 218
0 -50 212
0 -84 212
0 -20 219
0 -53 208
1 -3 -217
0 -48 229
2 -21 1
0 22 212
2 -14 3
1 75 -205
0 -88 197
1 15 -213
2 -10 -21
0 12 208
0 -51 195
1 -4 -226
1 -43 -206
2 -5 2
1 112 -202
2 -8 1
1 14 -208
0 -55 208
0 0 206
2 17 9
0 -190 217
1 145 -222
2 0 -9
0 25 205
2 -3 14
2 -4 -2
2 -13 -5
2 -2 11
0 -80 227
1 59 -207
1 67 -197
1 70 -209
1 2 -213
2 -4 -10
1 -36 -210
0 -53 200
0 -48 202
2 -12 5
2 12 -19
0 -15 219
2 13 -4
0 -89 231
0 -22 184
1 24 -181
2 -8 17
1 33 -225
0 -106 220
0 -53 209
2 10 -7
0 -19 210
1 95 -191
0 -89 200
1 119 -208
2 7 9
1 -9 -232
2 2 -1
2 -3 -9
0 -1 208
2 12 -4
2 -10 6
1 107 -205
1 2 -224
2 -9 1
2 2 9
2 -11 -10
2 -4 4
2 -21 -13
1 57 -207
0 -32 213
2 -19 1
2 -2 -5
1 58 -207
2 -13 5
2 -20 2
0 -107 217
0 -76 225
0 -110 204
2 -11 13
1 158 -210
0 100 217
1 -20 -196
1 90 -217
2 -14 15
0 -55 222
1 42 -215
2 0 7
1 -24 -205
2 19 -11
2 2 13
1 92 -222
1 99 -199
1 136 -192
2 -2 -3
1 35 -218
2 8 14
0 -80 209
2 16 7
0 -23 229
2 -18 7
0 -83 203
1 37 -204
0 -5 206
2 10 -11
1 60 -223
2 10 3
1 26 -205
0 -60 217
0 -98 207
2 -4 -1
2 -11 0
2 3 -11
2 4 8
0 -112 226
0 -1 190
2 -10 0
2 11 8
0 -94 201
0 -112 226
1 34 -214
1 39 -223
0 -136 225
0 -120 219
0 -34 220
0 -1 216
1 80 -204
1 56 -228
1 109 -205
0 -29 208
0 5 211
1 42 -215
2 -2 0
2 -7 5
2 -4 -21
2 -5 9
1 25 -199
2 15 0
2 -4 -11
1 6 -207
0 -25 192
1 47 -192
1 22 -209
1 63 -198
2 5 -15
2 -14 -6
2 9 -9
0 -47 189
0 -88 208
1 94 -205
0 -46 200
0 0 197
0 42 212
1 138 -222
2 7 -3
1 -2 -211
0 -12 220
2 12 4
1 61 -202
2 5 19
1 55 -211
2 11 -3
2 -1 -10
0 -35 206
1 16 -215
2 -6 -8
2 4 -1
2 -11 -8
1 73 -213
1 71 -200
1 40 -204
0 -150 217
1 18 -215
1 52 -201
2 1 -6
1 -49 -211
2 13 -8
2 4 6
1 97 -200
1 42 -211
1 60 -203
1 65 -197
2 10 -7
2 1 -3
0 -30 197
0 -73 218
2 -4 0
0 63 196
1 78 -197
1 25 -198
0 7 212
1 1 -214
2 -8 13
1 16 -210
2 15 13
0 -109 202
0 -25 192
1 45 -204
2 9 -17
2 8 -9
2 -13 9
2 27 0
1 128 -205
0 -67 214
0 -146 202
0 8 227
1 77 -218
0 78 225
1 43 -202
1 100 -212
0 -51 209
1 148 -208
1 81 -208
1 9 -207
0 -129 200
1 7 -219
0 -73 205
1 75 -228
2 -11 -6
0 27 206
1 5 -210
1 29 -209
1 58 -211
0 -45 209
2 5 13
1 13 -212
2 11 7
1 56 -202
1 42 -218
0 -24 203
2 15 -4
0 -118 200
1 148 -228
0 -97 204
1 150 -203
1 31 -225
1 122 -210
0 -31 203
2 1 -4
0 -15 196
1 21 -196
0 -29 204
0 -142 208
0 -66 219
2 6 -4
2 -3 -3
0 -75 215
1 83 -209
1 41 -199
2 7 -5
0 -72 210
1 104 -197
0 -88 220
1 -8 -220
2 0 13
0 -89 229
1 62 -199
0 -36 206
1 43 -210
1 81 -204
2 6 7
2 3 -15
1 1 -213
2 -9 8
1 107 -200
2 2 -8
1 -75 -206
1 53 -214
1 121 -220
1 110 -226
1 82 -194
2 11 3
0 -89 208
0 9 203
0 -21 212
0 -104 230
1 100 -203
2 -6 14
0 -37 195
2 2 21
2 2 -3
2 -6 1
0 -102 220
1 158 -219
2 -16 -1
2 -12 -11
1 67 -215
2 5 -3
2 6 3
2 6 -23
1 25 -200
1 52 -203
1 23 -225
2 7 -6
1 55 -203
2 -1 1
2 12 1
0 -75 210
0 22 215
0 42 227
1 1 -196
2 -7 -7
0 -29 203
1 20 -223
0 -94 218
1 10 -209
0 29 210
1 -29 -218
1 -20 -221
0 -53 209
1 93 -203
1 15 -197
2 1 -11
2 -6 -5
1 32 -186
0 -4 190
2 23 5
0 -58 214
1 18 -199
0 -54 216
2 -11 6
1 108 -200
1 -38 -206
1 25 -202
2 -14 -21
2 -12 11
2 -7 22
0 -129 198
1 49 -201
1 56 -200
0 -1 230
0 -91 233
0 -42 207
2 -5 -1
2 -16 -21
2 -2 9
2 7 -5
2 -2 17
2 8 1
2 11 -10
1 53 -203
0 -144 217
1 65 -219
1 170 -232
0 -96 203
2 1 24
2 1 3
1 27 -216
0 -17 222
2 2 -11
0 -81 212
0 -2 213
1 10 -217
1 -6 -194
0 24 221
2 19 8
0 -11 207
2 -9 -202
0 -33 214
0 -22 204
2 5 0
2 19 11
2 -5 -4
0 -43 211
1 62 -221
2 -1 8
2 -1 3
2 11 -2
2 -3 -1
1 86 -206
1 20 -209
2 12 9
0 -45 227
2 13 9
0 -33 217
0 -55 217
2 -5 5
2 -4 21
1 7 -222
2 9 -5
0 -6 194
1 -9 -183
2 2 3
1 40 -212
0 -40 197
2 7 -10
1 64 -209
1 -49 -205
1 84 -193
2 4 2
1 93 -206
1 96 -215
2 -7 -3
2 9 -18
1 40 -203
0 -76 227
0 -96 218
1 -20 -212
2 -1 -17
0 -150 218
1 -3 -203
2 5 5
2 6 9
1 15 -215
1 44 -191
0 -131 225
0 -67 205
0 -84 225
2 3 -4
2 3 15
2 2 24
2 2 6
0 -58 185
2 8 2
2 0 17
1 7 -41
1 81 -214
0 -82 193
1 -7 -212
2 -7 15
0 -97 226
1 110 -218
1 33 -205
0 -53 209
1 27 -210
1 18 -211
2 6 -18
0 -84 219
2 -10 7
2 12 -8
1 -6 -210
0 -75 206
2 -1 -11
0 -173 205
2 -1 2
0 -39 220
1 4 -200
0 -77 219
1 128 -204
1 43 -216
2 -18 -3
2 3 11
0 -35 212
0 -67 222
2 11 15
0 23 209
1 85 -195
0 -39 203
2 -5 -1
2 -11 0
0 -64 209
1 81 -216
2 -5 3
2 2 -2
2 2 -9
1 92 -208
2 -3 21
0 -25 217
0 29 218
2 8 -1
2 11 13
0 -191 222
0 -123 217
2 -2 -1
0 43 203
1 132 -216
1 79 -182
1 59 -202
0 -51 216
2 -12 6
1 9 -196
0 -113 209
2 9 10
0 12 217
1 150 -213
1 89 -217
2 8 1
2 -11 6
1 -72 -135
1 124 -216
2 11 16
0 -89 210
2 -7 -2
1 -12 -183
0 -25 212
2 1 -3
2 -15 -1
1 1 -211
2 8 -17
2 -2 -5
0 -139 194
0 -4 196
0 -22 218
2 8 -5
2 -14 19
2 -2 4
1 89 -214
0 -81 198
0 16 219
2 -7 11
2 -3 -16
0 -1 211
1 22 -197
1 18 -212
2 -5 6
0 18 219
2 7 -5
0 -149 202
1 105 -199
1 97 -204
0 -29 195
2 9 -8
1 62 -189
2 -8 10
2 4 8
2 11 1
2 -16 19
2 -22 0
2 2 -10
0 -55 213
0 -58 211
2 -11 -6
2 -1 -21
0 -102 227
1 -43 -218
2 -2 19
0 -87 211
2 8 13
0 -100 208
2 -4 -1
1 58 -203
2 -2 -15
2 -14 -6
0 -52 209
1 -21 -228
0 -60 204
0 8 207
2 -19 -14
0 -46 188
2 17 -8
2 -8 -2
1 139 -203
0 -16 216
2 24 1
0 -91 203
1 35 -201
1 -65 -221
0 -45 212
2 -5 -6
0 -41 223
0 45 208
1 88 -218
2 0 0
0 -135 201
0 -117 228
0 -158 222
0 -94 225
0 -25 229
0 22 199
2 1 -5
2 -17 10
2 4 2
1 95 -199
1 67 -206
0 -128 233
2 -6 1
1 31 -206
1 142 -197
0 48 204
1 36 -214
2 14 -30
2 10 6
0 -58 220
0 -29 214
0 -122 212
2 10 -9
1 73 -200
1 -39 -208
2 9 10
2 7 8
1 15 -216
2 25 0
0 -35 201
0 -42 219
0 -40 203
2 -3 11
1 44 -208
0 -66 197
2 5 -11
2 -2 -3
1 34 -210
1 28 -199
2 -6 -21
0 80 219
1 80 -218
2 0 -6
1 44 -203
1 128 -214
2 -2 -12
0 -7 216
2 1 5
0 -71 218
0 -144 215
0 -90 210
1 115 -232
0 -68 207
0 -87 204
0 -5 212
1 63 -223
2 2 7
0 -154 196
0 -171 203
0 -24 211
2 -6 10
1 57 -218
0 2 220
1 83 -215
0 -68 210
0 -12 219
0 -42 196
1 13 -212
0 -43 197
0 -143 216
2 -7 -2
1 127 -220
1 90 -203
0 -42 211
0 -21 209
0 -114 206
2 -6 5
1 93 -208
0 -23 198
0 -34 201
1 7 -234
0 -98 215
2 13 15
2 -11 -6
2 -4 -13
2 -7 4
2 5 -24
2 9 -2
1 81 -224
2 1 -7
1 -62 -212
0 -27 223
2 -4 -13
1 69 -215
2 -10 -9
1 52 -217
2 -1 9
1 64 -203
0 -48 196
2 -9 18
2 -8 12
2 -4 -6
1 -29 -202
1 -7 -209
1 99 -233
0 -44 205
0 -75 216
0 26 191
2 -6 18
1 47 -219
1 13 -211
0 -41 209
0 -3 189
1 65 -218
0 -29 200
2 -4 -2
1 29 -194
0 19 227
2 -6 31
1 142 -217
1 -14 -217
2 15 10
0 -24 195
1 72 -190
1 102 -205
2 7 -9
2 2 17
0 -3 216
2 0 6
1 83 -205
1 63 -201
2 3 3
1 96 -203
0 -94 204
2 9 3
0 -70 213
2 -13 6
1 1 -195
1 40 -212
2 2 7
1 123 -208
1 68 -216
2 7 7
1 -17 -206
0 -46 195
0 -103 195
2 15 -7
1 40 -200
2 -5 8
0 19 214
2 13 6
1 -5 -214
1 -26 -204
0 -96 213
1 21 -205
1 65 -215
1 18 -213
2 8 2
2 9 0
2 -4 -22
0 39 214
2 -6 -4
0 -62 233
2 4 -19
0 15 203
2 4 2
1 -12 -213
2 -8 -3
1 76 -208
0 31 215
0 -87 183
2 15 3
1 188 -202
1 8 -202
2 9 -5
0 -21 205
0 -5 198
1 16 -188
2 8 -12
0 3 230
0 -63 197
1 8 -207
2 -11 9
2 -10 -1
1 92 -207
1 34 -215
1 60 -218
2 3 6
1 50 -215
0 26 222
2 -15 5
0 -65 201
1 88 -210
2 -6 -10
2 15 14
2 -1 -3
2 8 1
0 -23 222
1 19 -220
2 4 -19
2 -1 -11
0 -81 230
1 57 -210
1 15 -205
0 -91 213
1 46 -206
1 60 -216
0 35 211
1 88 -211
1 9 -213
0 -149 217
0 -44 199
0 -54 221
1 105 -221
2 -2 5
2 -28 -7
1 1 -209
1 191 -209
2 3 6
1 49 -215
2 4 6
0 -143 206
0 -39 217
1 111 -204
2 1 -16
0 -24 219
1 106 -207
1 50 -220
0 -19 207
1 30 -214
0 -119 214
1 59 -212
1 -11 -204
0 -118 210
1 94 -206
0 -115 190
0 -17 216
1 68 -207
0 -20 196
0 -62 224
0 -106 194
2 -14 5
0 -41 203
0 -66 206
1 87 -219
0 -72 217
1 61 -206
2 7 4
2 -5 -12
1 61 -187
0 -38 208
2 7 0
1 2 -213
1 62 -206
2 13 4
1 125 -211
0 24 218
0 -89 212
1 19 -212
2 7 7
0 -32 198
0 -61 209
0 -126 202
0 38 198
2 5 -13
1 -12 -231
0 -67 222
1 109 -222
1 54 -210
1 18 -219
2 -15 11
0 -53 204
0 -110 225
0 -20 219
1 36 -207
1 31 -204
1 5 -206
0 32 221
1 22 -202
1 96 -217
0 -116 208
1 -43 -203
0 -83 198
1 27 -222
0 -171 230
1 67 -214
2 -1 -8
2 5 3
2 2 12
1 35 -206
1 40 -207
0 -37 202
2 3 4
1 17 -213
2 13 0
1 113 -223
2 -19 -13
1 104 -220
2 -4 -23
1 86 -198
1 77 -211
0 8 213
0 -112 225
0 -33 200
0 -64 209
2 13 -4
2 -9 -2
1 128 -212
2 -12 -4
2 0 -2
0 -26 223
1 -1 -228
0 -29 202
1 103 -185
1 -12 -221
1 87 -219
0 -95 203
2 -6 0
2 6 -10
2 -13 -22
0 5 217
1 15 -208
1 36 -215
2 -5 2
0 -79 200
2 0 -3
2 -2 3
2 4 3
2 -21 1
2 -1 0
2 -9 5
0 -97 194
2 2 10
0 1 202
2 -4 -15
0 33 223
0 -28 226
1 20 -214
1 97 -204
1 45 -217
1 78 -222
1 -15 -202
0 10 195
0 -47 192
2 -7 6
1 31 -208
1 75 -216
0 -48 201
2 -20 -4
1 9 -204
0 16 198
2 16 -3
2 -10 7
1 43 -228
2 2 2
1 42 -204
2 4 7
0 -95 206
2 6 -22
0 58 212
2 -2 -3
2 -1 -13
1 97 -201
2 6 22
0 -27 219
0 -38 196
0 -50 196
1 196 -194
0 -99 205
2 -16 -5
1 29 -204
1 19 -222
0 -53 214
2 6 14
2 -2 2
2 2 7
0 -71 213
1 78 -196
1 100 -208
2 -9 7
2 5 9
1 13 -216
2 3 -12
0 -39 204
2 -16 -15
2 -11 6
0 -71 218
2 -5 5
0 -60 209
1 64 -200
2 -9 22
0 -5 197
2 6 -19
1 67 -214
0 -42 227
0 -43 230
2 15 17
0 -149 217
1 -27 -214
0 -37 215
0 -40 197
2 2 6
0 -71 211
2 2 -16
0 -6 211
0 -7 201
2 -6 0
0 -61 212
2 5 2
0 25 203
0 42 207
1 149 -211
2 -7 9
0 -67 222
1 28 -194
0 -22 207
2 13 -8
2 13 -5
2 -4 12
2 -12 -10
2 -7 -11
1 113 -219
2 14 -3
1 0 -203
0 -100 220
1 -25 -212
1 -5 -233
0 -91 209
0 -73 198
2 -4 -6
2 222 0
0 81 222
0 -89 211
1 37 -210
0 65 215
2 7 30
0 3 215
1 82 -214
1 88 -223
0 -7 201
2 -15 -3
1 33 -228
0 24 208
1 134 -211
1 87 -222
0 -65 226
0 -10 205
0 -80 202
2 32 -11
1 -11 -200
0 -123 195
1 50 -226
1 115 -223
0 -80 211
1 13 -227
0 -73 207
2 5 -3
2 1 -17
1 51 -197
1 51 -217
2 7 17
2 9 -5
0 -122 200
1 88 -211
2 11 5
2 -14 15
1 142 -219
0 -75 213
2 -16 -6
2 -16 2
0 -56 211
1 39 -215
1 74 -211
0 -37 200
1 144 -210
0 -105 199
1 101 -242
0 -46 218
1 44 -224
0 -116 214
0 -52 202
2 -18 1
0 -10 217
2 -6 10
1 102 -213
0 -21 191
1 116 -214
0 13 207
2 -7 8
1 58 -205
2 30 -2
2 2 17
2 2 -1
1 7 -222
0 -2 221
1 89 -204
1 65 -208
0 -37 218
2 7 3
1 -23 -205
0 -177 199
1 32 -209
0 -50 203
1 -11 -231
1 74 -208
0 -9 206
1 12 -216
1 49 -201
0 -89 199
2 -7 0
0 -98 238
2 4 4
0 -133 201
0 -39 213
1 104 -211
0 -117 222
0 -108 209
2 -5 -14
2 4 -6
1 86 -221
1 109 -215
0 -37 193
2 -6 25
2 -13 -5
0 -51 206
1 77 -207
0 -28 204
0 -143 199
1 -41 -210
1 69 -236
1 -1 -218
2 -11 21
2 17 -5
0 -68 213
1 72 -214
2 -4 -6
2 -12 4
2 -10 24
0 -30 216
0 -15 204
1 144 -199
0 -52 206
1 -1 -208
1 14 -211
0 -111 214
0 -90 202
1 90 -196
2 -10 0
1 -78 -210
1 8 -202
2 6 -11
0 -45 226
0 -46 211
2 21 0
0 -109 200
1 16 -211
1 -54 -210
1 17 -201
1 34 -207
1 -42 -202
1 32 -209
2 5 2
0 -108 209
2 -1 17
1 88 -198
2 2 7
1 108 -199
1 64 -214
2 7 -10
2 18 28
0 -169 217
1 39 -184
1 54 -207
0 -87 216
2 -11 -8
0 -43 213
2 -3 -1
2 0 -14
0 -16 199
0 -99 206
1 9 -214
2 2 -7
2 1 2
2 -3 -2
2 -22 8
0 -59 212
0 -74 208
0 -22 213
2 -4 -8
2 -23 4
2 -6 -10
1 87 -205
0 -83 219
2 1 -15
2 7 6
1 -115 -217
0 -42 205
1 19 -199
2 -5 11
0 -123 179
1 94 -208
2 -8 20
0 -71 224
0 -2 214
0 -42 233
1 35 -224
2 10 -9
0 -22 203
1 -29 -213
1 112 -216
2 -11 -4
2 -11 0
1 38 -198
0 -8 222
0 -63 194
0 -60 204
0 -42 200
2 7 -5
1 23 -194
1 -13 -208
1 47 -183
2 5 0
1 -17 -201
2 -7 11
0 -4 209
1 87 -200
1 -52 -213
1 24 -214
1 -42 -209
1 41 -211
1 28 -224
0 -15 197
0 -67 230
1 40 -211
2 -11 9
1 14 -218
2 -2 16
2 15 -20
1 135 -210
0 0 199
1 -18 -201
1 106 -221
2 5 1
1 100 -211
1 81 -207
1 -15 -208
2 5 -7
1 112 -211
1 36 -219
0 -9 179
0 -34 194
1 69 -212
1 -38 -204
2 -15 15
0 -162 223
0 -154 34
2 -8 -3
0 -5 220
0 10 210
1 17 -199
0 -34 186
0 -95 210
1 111 -197
2 4 9
1 73 -209
0 -91 207
1 54 -192
1 62 -210
2 1 -14
0 -51 209
1 78 -197
2 2 -3
0 -94 203
0 14 223
2 4 8
1 -25 -197
2 -12 181
1 -28 -207
1 30 -204
2 13 -5
0 51 203
2 -9 -1
1 49 -202
1 52 -196
0 -96 219
0 -79 222
1 79 -195
0 5 210
2 3 2
2 -4 -18
2 -11 -11
1 56 -222
2 8 3
0 -91 202
1 -20 -222
2 5 -4
2 -5 -1
2 0 12
0 21 212
1 -60 -217
1 46 -205
1 20 -203
1 39 -216
0 -114 206
2 4 16
0 -27 200
1 62 -199
2 7 -8
2 17 0
0 -6 210
2 9 -15
2 7 13
0 -80 195
1 -13 -208
2 -12 -7
0 -94 189
1 8 -201
1 76 -219
2 8 -16
1 -18 -184
1 73 -222
1 91 -218
2 7 -4
0 -147 210
1 64 -203
1 -51 -200
1 -1 -217
1 40 -204
0 -42 213
2 16 -8
2 14 -2
2 6 -5
1 -6 -196
0 -100 223
1 126 -211
2 11 6
2 -9 13
0 -27 180
1 3 -203
2 -2 1
1 59 -195
2 -1 -8
1 2 -211
1 19 -212
0 -89 208
2 -3 13
2 9 -6
2 -4 -1
0 -51 192
0 42 190
0 -70 213
0 -13 217
1 41 -212
1 -34 -209
0 -53 211
1 1 -208
2 5 242
0 -63 208
2 7 4
1 104 -217
1 10 -223
2 -29 1
1 78 -214
2 -17 -12
0 -116 218
2 -6 -2
2 -4 -2
1 7 -204
2 -8 -4
0 -7 202
0 -143 225
0 -50 213
1 -7 -221
1 74 -199
0 -62 213
1 54 -234
0 -62 225
1 90 -218
1 163 -206
0 -32 189
0 11 195
2 28 -19
2 -1 0
1 38 -192
2 15 8
2 -12 9
1 44 -224
0 -52 214
2 -10 -4
0 -72 209
1 62 -226
2 -3 -2
2 15 -24
2 -2 6
0 -38 209
1 79 -202
2 22 16
2 0 12
0 -147 205
0 -38 228
0 50 209
0 -38 194
2 -15 2
1 142 -205
1 64 -208
2 8 6
2 10 -1
1 47 -217
2 25 -5
0 -139 216
2 -2 2
2 -4 -1
0 -2 207
1 41 -220
0 -112 206
2 1 17
2 -11 2
2 -8 -2
2 -7 13
2 -2 -4
0 -123 208
1 73 -214
2 0 -16
0 -80 226
2 -11 6
0 16 217
1 206 -190
0 -58 201
2 -11 9
2 6 8
2 4 -8
0 -115 209
2 2 0
1 4 -203
1 68 -203
1 169 -201
0 11 222
2 5 -6
2 -8 -16
0 -8 207
0 -7 217
2 4 -2
0 -29 216
0 22 201
2 -10 6
2 10 8
0 -86 206
2 0 2
2 -17 3
0 -15 205
2 -5 2
1 113 -216
0 -54 190
2 0 -12
0 -80 216
0 3 210
0 -151 216
1 70 -233
2 7 -15
1 23 -218
1 39 -207
1 66 -213
2 21 -4
2 6 -11
0 16 208
2 0 -6
2 -10 -24
1 27 -213
0 -13 214
0 -64 206
0 -49 199
2 -11 -6
1 -4 -222
0 -74 202
2 1 -7
1 63 -226
1 83 -209
0 8 211
2 5 4
0 -11 209
1 116 -216
1 -9 -223
1 20 -194
1 51 -221
2 3 -22
1 5 -219
2 -9 12
2 -13 -12
2 -5 14
2 -7 1
2 -11 209
0 -25 209
2 -11 -2
2 10 9
1 69 -212
2 17 2
0 -28 212
1 95 -212
0 -37 216
0 -114 193
2 6 -7
2 -2 16
0 -101 217
2 10 -2
0 -63 221
2 14 -4
1 -9 -209
2 -1 2
2 0 -9
2 -3 -8
1 105 -185
1 161 -228
1 -30 -218
1 21 -190
0 -6 203
0 -19 198
0 6 223
2 -1 -1
0 -24 226
1 97 -232
1 63 -217
2 20 -7
1 53 -192
2 -5 -12
1 36 -210
2 9 41
1 -10 -214
2 12 -10
1 84 -202
0 -44 211
2 -12 2
0 -34 202
0 -96 215
0 -91 203
1 70 -201
0 5 199
1 69 -213
2 1 1
0 -71 199
2 13 -5
0 -118 211
0 -49 205
1 122 -207
1 40 -182
1 13 -216
1 106 -213
2 1 1
0 -14 204
2 5 -14
1 -19 -205
0 -59 225
1 -17 -204
2 -5 4
1 63 -204
0 -67 207
2 1 -13
2 3 -8
0 -33 203
1 57 -215
2 -19 4
0 -34 216
1 73 -208
2 -5 -10
2 11 11
0 -85 199
1 81 -232
1 177 -206
2 -14 -15
1 25 -212
1 22 -199
1 116 -222
2 -4 -295
1 44 -191
2 -4 -2
1 44 -208
2 -1 -9
1 65 -215
2 8 8
1 41 -208
1 16 -205
0 -49 203
1 69 -212
1 88 -213
1 64 -201
2 -9 0
0 -84 203
0 -29 193
0 -58 222
2 7 -5
1 -35 -221
1 72 -226
0 -16 214
2 -4 -6
2 -5 9
0 -77 213
0 38 200
2 6 8
2 9 18
2 9 8
1 84 -212
0 -55 222
0 -161 198
2 13 3
1 -5 -210
1 44 -208
0 -23 217
1 152 -189
2 -2 6
0 -76 211
2 -15 -10
0 -6 208
2 -16 -2
2 9 -11
2 6 -9
1 73 -194
0 -106 207
1 126 -229
2 17 15
0 -98 208
1 3 -207
2 15 3
1 90 -215
2 -3 -13
1 -14 -217
0 62 220
0 -31 205
2 -8 -7
2 3 12
2 2 -3
2 -14 -23
1 4 -213
2 -4 11
1 93 -222
2 9 -8
2 10 3
0 -70 211
1 24 -218
0 -13 231
1 15 -203
0 -154 205
0 0 192
2 -7 -17
0 -52 212
0 -2 212
2 -12 0
1 86 -206
1 25 -204
2 -15 -6
1 -1 -214
1 33 -210
1 89 -196
1 104 -226
0 25 206
0 -31 209
0 -34 203
1 37 -221
0 -80 207
2 3 -4
1 -14 -209
2 -9 -6
0 109 204
0 -40 211
2 2 -1
0 -76 205
2 -18 -4
2 6 -2
1 67 -218
2 4 6
0 -31 203
1 30 -216
2 -9 -17
1 98 -203
0 -143 217
1 71 -213
1 7 -200
1 60 -198
0 -71 209
2 12 -16
0 -186 214
2 -2 9
2 -2 11
1 39 -203
1 -5 -215
1 -9 -217
0 -76 222
1 52 -200
2 -10 12
2 11 5
1 115 -206
1 7 -227
2 -4 2
1 -32 -225
1 1 -204
1 61 -231
2 23 7
2 -3 7
0 -74 221
0 -43 207
0 -51 225
2 2 1
1 79 -213
0 -63 219
0 43 223
1 172 -199
1 54 -194
2 -12 4
2 -4 -2
1 35 -202
0 -49 224
1 -4 -205
2 -20 -9
0 30 199
0 -63 213
1 65 -211
2 -5 9
1 32 -204
1 -1 -191
0 -111 202
1 90 -210
1 -12 -219
1 6 -222
1 92 -187
0 -13 205
2 -4 6
1 90 -208
2 26 -10
0 -92 205
1 40 -209
0 -19 218
1 57 -220
0 -131 211
2 11 -3
0 12 202
2 -13 2
1 18 -192
2 5 -7
2 -5 -14
2 3 9
0 -98 210
1 68 -191
0 -43 221
1 72 -230
1 111 -211
0 -94 216
2 8 9
1 54 -198
2 -2 -15
0 -46 223
0 -62 217
2 -7 6
0 -60 200
0 -68 216
1 15 -194
0 -68 199
1 49 -227
0 -97 212
2 -4 8
2 -12 4
0 -36 219
1 47 -216
2 -16 -16
1 54 -213
1 194 -224
0 -72 212
1 79 -217
2 8 4
2 12 -5
1 79 -222
0 -65 197
0 -47 192
0 35 198
2 13 4
0 -98 211
1 -35 -206
2 -33 5
0 -51 217
1 94 -216
2 -5 9
0 0 198
1 52 -201
1 61 -199
2 8 2
2 -22 -17
0 -88 220
0 -109 218
2 -7 -18
1 85 -211
1 39 -198
1 77 -200
0 -34 210
0 38 216
1 43 -212
0 -7 221
0 -150 203
2 7 -1
1 71 -210
1 21 -214
1 78 -209
1 8 -215
1 -4 -219
2 -4 -4
0 53 210
1 44 -222
1 61 -222
1 -54 -225
1 32 -211
2 -18 11
2 -4 2
0 -9 209
0 -63 219
1 52 -213
1 85 -209
2 -1 -26
0 -127 209
0 -53 209
2 13 -4
1 99 -208
2 7 -3
2 24 13
2 -3 -11
0 -192 200
2 -2 1
0 -60 206
2 -1 10
2 -4 10
2 12 -2
0 -56 223
2 0 -7
0 33 209
0 -144 193
1 83 -239
0 5 212
1 84 -185
2 6 0
1 37 -205
1 -24 -220
1 108 -237
0 -28 211
1 145 -224
0 -79 217
1 -15 -208
2 -1 -5
1 20 -223
2 13 8
1 212 -184
1 19 -193
0 -44 210
0 -75 205
1 81 -206
2 3 6
0 -99 206
0 -59 196
2 8 9
1 113 -218
2 -12 -5
2 -2 0
2 4 8
2 -1 -3
1 70 -215
0 -207 221
0 -31 193
1 -61 -219
0 -45 223
1 31 -202
2 -7 -2
1 19 -225
2 18 1
1 -27 -211
0 -46 214
1 87 -198
2 -13 10
1 78 -206
1 66 -219
2 -6 15
0 15 213
0 -59 208
2 10 5
1 -36 -215
2 -8 2
1 -17 -199
0 -124 191
0 27 191
0 -58 219
0 -71 196
2 6 4
1 27 -196
2 -4 2
2 -2 -7
1 28 -222
2 -9 -16
0 -117 208
1 96 -213
1 80 -205
0 -86 211
2 1 -10
0 -124 220
2 17 6
0 -35 185
0 -19 209
2 -27 -12
1 25 -211
0 -19 182
1 84 -215
1 -18 139
2 10 -18
0 -88 220
1 -97 -222
2 -7 2
2 12 -1
1 87 -198
2 -16 -4
2 11 -8
1 68 -204
0 -52 199
0 -38 194
1 57 -218
2 -1 -13
1 49 -213
1 46 -198
0 -98 191
2 3 -16
1 86 -206
2 -10 -2
1 24 -230
2 8 -14
2 15 -1
1 94 -202
2 8 -13
0 -141 200
0 -18 223
0 -58 223
1 12 -205
1 68 -222
0 -98 212
0 -79 208
0 -44 212
2 2 -12
0 -70 198
0 -85 211
2 13 6
2 -5 -4
0 -66 197
0 -89 214
2 -8 1
0 -8 217
0 -13 209
0 -113 211
1 1 -228
0 -37 219
0 -127 217
1 -3 -217
0 6 214
0 17 208
2 1 9
0 -122 223
0 -48 210
2 -1 3
0 -102 211
1 34 -205
1 11 -212
2 7 9
1 82 -195
2 1 -2
1 40 -214
2 0 -18
2 11 3
2 15 8
1 20 -211
0 36 204
0 -52 205
0 -96 207
1 88 -196
2 -10 -5
2 1 14
2 20 -17
1 74 -219
1 -12 -218
1 66 -198
1 -38 -211
0 -1 211
1 63 -198
0 -48 221
2 6 -5
1 -10 -215
0 37 210
2 14 -8
0 -51 192
2 -21 14
0 -71 228
0 -7 206
0 -11 211
2 -5 14
1 56 -219
1 26 -203
0 -51 212
2 -6 -16
2 1 -6
2 7 -6
2 -28 4
0 20 212
2 11 -7
0 -122 211
1 110 -193
1 105 -216
0 -24 200
1 216 -222
0 -39 219
1 44 -204
1 33 -194
2 17 -3
1 2 -211
2 -6 -2
1 89 -208
0 -75 212
1 111 -214
2 -1 -8
1 53 -240
1 68 -220
0 -108 199
0 -101 208
2 6 10
0 -50 215
0 -12 200
2 -5 11
0 -97 198
2 -12 -22
1 -4 -227
2 -10 -15
1 25 -212
2 3 -10
2 -4 22
1 25 -215
2 32 3
2 -29 -18
1 5 -213
0 -105 200
2 0 7
0 -204 204
0 -2 226
1 104 -210
2 -1 1
2 3 -6
0 -17 211
0 -11 196
1 71 -211
1 -26 -213
1 147 -212
0 -69 201
1 56 -216
2 4 19
0 -103 213
1 47 -215
2 -18 9
2 0 8
1 52 -201
1 79 -221
0 2 216
2 -1 -8
1 66 -207
2 10 2
0 -84 213
2 -5 21
0 -140 200
0 17 215
2 -9 0
2 10 14
1 -18 -202
1 76 -226
0 68 206
1 50 -210
0 9 193
1 240 -211
2 5 -3
0 -140 213
2 11 -8
0 -2 210
0 20 212
0 90 199
2 1 -4
0 -73 216
1 86 -205
1 14 -213
2 -5 14
2 4 -4
0 33 202
0 37 223
2 11 23
2 -5 -21
1 49 -225
0 -132 201
0 -57 197
1 -47 -231
2 -4 -2
2 -33 -18
2 10 0
2 -6 -6
2 12 -7
2 -6 -10
1 121 -205
1 62 -201
0 15 214
1 -49 -215
2 -2 2
1 67 -212
2 -11 -6
2 -5 -10
1 97 -204
1 143 -219
0 -51 227
1 99 -214
0 -8 201
0 -100 207
0 -5 190
1 35 -222
1 43 -206
0 -3 200
1 20 -230
0 -37 197
1 125 -211
1 26 -206
0 11 201
1 89 -220
0 -22 218
0 -31 219
1 78 -212
1 29 -228
1 40 -210
2 -3 16
0 -53 210
2 -18 0
2 -13 -21
1 9 -208
2 6 4
1 42 -220
1 -21 -211
1 41 -214
0 -43 210
2 13 -17
0 -132 206
2 1 -1
0 -88 212
2 11 19
1 72 -210
1 18 -196
2 -1 8
2 -10 -25
0 -65 222
0 -132 218
2 -6 6
0 10 202
1 133 -229
0 -76 224
0 0 186
1 94 -221
0 -52 217
0 -47 211
2 -15 7
0 -13 219
0 -104 212
1 47 -194
0 -123 211
1 69 -196
0 -62 200
1 76 -202
1 97 -181
1 9 -201
2 -9 8
1 120 -198
0 2 229
1 92 -210
1 22 -196
2 9 -9
0 -99 196
1 13 -222
0 -12 219
1 98 -202
1 84 -202
0 57 220
1 3 -201
2 -1 17
1 150 -206
0 -14 215
2 6 21
0 -41 203
2 -4 -10
2 7 13
1 110 -214
2 -7 8
2 -1 -7
0 -8 201
1 59 -215
0 6 202
1 88 -207
2 -12 4
0 -56 216
2 0 5
1 78 -208
2 3 8
0 -45 211
0 -112 213
2 -2 1
1 -24 -208
0 -64 221
2 7 1
0 -72 222
0 -104 220
0 -41 202
1 92 -219
0 -114 218
0 -51 205
1 31 -207
2 -6 -2
2 12 20
2 15 -6
1 65 -211
1 63 -204
2 -3 7
2 -6 2
2 -8 -16
2 5 -6
0 51 200
1 115 -207
2 249 -1
0 22 209
1 67 -215
1 67 -199
1 123 -212
1 92 -195
1 -40 -218
0 -32 212
0 -32 226
1 72 -210
0 -75 208
1 69 -222
2 3 -5
1 79 -209
2 4 0
0 -4 213
1 122 -206
2 -7 10
1 69 -225
2 -5 -1
0 -125 207
2 -19 13
2 2 -20
0 -59 209
2 -3 7
0 -132 201
1 34 -225
1 77 -192
0 -67 212
1 -5 -218
1 -10 -197
2 12 -7
1 24 -232
2 6 -8
0 -122 195
2 -8 8
2 11 2
1 77 -214
2 -9 12
1 34 -206
1 23 -217
1 35 -219
0 -5 204
2 1 1
0 -113 213
0 -16 224
2 -19 1
1 128 -224
2 8 8
1 32 -199
2 -12 -9
2 0 -1
0 -4 207
1 7 -200
1 -12 -210
2 -9 -7
0 -104 209
0 -79 209
1 100 -221
2 14 0
2 -8 21
1 4 -215
1 61 -212
1 -6 -209
2 -3 -2
2 -1 11
0 -99 225
0 62 214
1 61 -203
2 22 -14
0 13 203
1 52 -211
0 -5 225
0 -98 216
1 -27 -221
1 68 -199
1 20 -210
2 -7 -13
1 142 -214
2 12 -9
2 2 -10
0 -17 201
1 61 -204
2 0 -2
2 -2 -18
1 26 -200
0 -41 193
1 27 -229
2 -11 13
1 36 -216
2 4 -13
2 -3 -26
1 -21 -210
2 -11 -8
1 71 -211
0 -94 214
1 72 -211
0 55 195
2 1 2
2 -10 1
2 -7 -3
1 73 -199
1 36 -210
2 8 -9
2 15 -14
0 28 206
0 -94 217
0 -96 210
2 -14 -10
2 -18 15
1 78 -212
1 42 -197
0 -27 211
2 1 12
0 -71 216
2 11 9
1 39 -204
0 6 200
0 -74 206
2 -11 2
0 -9 215
1 5 -215
2 -3 -12
1 79 -214
0 -164 212
2 -13 -17
1 46 -215
1 87 -207
2 -6 7
2 -1 -3
1 79 -220
0 -64 218
2 -10 -1
0 -140 195
0 -113 197
0 -92 208
1 11 -217
2 6 14
2 7 -5
1 6 -204
1 47 -206
1 66 -211
2 4 -15
0 -38 230
1 3 -205
0 -117 203
0 -48 210
1 37 -214
0 -64 212
1 23 -215
1 31 -193
1 26 -219
1 21 -214
2 -11 -9
2 -16 -17
0 -86 212
0 -68 217
0 -38 202
0 -96 225
0 -69 215
0 93 215
1 111 -215
1 13 -224
0 -2 203
1 47 -231
2 7 8
0 -35 219
1 78 -223
0 -90 218
2 -11 7
2 -19 16
2 -5 -19
2 0 2
0 -8 202
1 91 -209
2 4 -7
0 -117 186
2 -22 2
2 3 14
1 46 -228
1 18 -222
0 -58 207
0 -17 198
0 -61 189
1 40 -201
0 -27 217
1 -17 -213
0 -66 197
0 -23 212
0 17 213
0 35 204
1 56 -190
1 -16 -212
1 66 -204
1 12 -224
1 35 -206
0 -27 198
2 0 2
2 20 1
2 19 -1
0 -79 207
1 6 -212
1 55 -219
2 -18 0
2 12 9
0 -123 205
1 32 -194
2 0 8
1 73 -217
1 59 -208
0 -80 220
0 -25 223
1 46 -200
0 30 218
2 0 -10
0 -71 193
0 30 193
1 45 -191
0 14 212
0 -61 206
1 21 -221
0 -58 198
2 -7 -7
1 -56 -197
1 -20 -222
2 -11 2
2 19 2
2 0 -6
2 13 -12
2 23 12
1 23 -213
1 136 -224
0 -30 202
0 -3 200
1 7 -214
0 -17 209
1 90 -196
1 75 -217
2 0 10
0 -62 208
1 72 -219
2 8 9
1 -8 -214
0 -26 206
2 -2 -10
0 36 186
1 22 -221
1 15 -218
2 12 -22
1 31 -192
2 8 -3
0 -25 206
0 -90 214
1 9 -218
1 100 -210
2 -3 5
1 20 -210
1 34 -231
2 3 -12
0 -93 206
2 3 0
1 55 -219
1 34 -210
2 0 0
1 25 -232
1 94 -209
1 36 -230
0 -22 205
2 14 14
0 -22 206
0 -52 215
1 58 -196
1 21 -218
2 -7 -20
2 19 -3
2 -2 -6
2 -2 9
1 18 -212
0 52 216
1 87 -219
2 -1 4
0 -85 218
1 33 -210
2 -4 0
0 -91 209
0 -30 214
0 -139 214
2 1 -8
1 12 -214
2 1 3
0 44 221
0 -26 220
0 -45 223
0 -23 198
1 92 -213
1 -16 -204
1 80 -202
2 25 9
0 -15 213
2 8 -1
2 5 15
0 18 213
1 26 -225
0 20 218
0 -131 208
1 157 -204
2 -9 0
2 7 -9
1 -47 -187
2 0 -10
0 -114 200
1 -13 -196
1 81 -203
1 -1 -215
2 -6 -6
2 8 -4
0 19 208
2 12 -4
2 9 4
2 11 -6
1 14 -222
1 79 -200
1 46 -221
1 54 -202
2 22 -12
1 25 -208
2 11 -15
0 -50 223
2 -13 2
1 108 -204
0 -163 215
1 122 -219
2 -10 -7
1 50 -204
1 98 -212
0 -79 206
1 -18 -215
0 -147 220
2 -11 -21
1 84 -208
1 26 -206
0 -12 207
2 -11 -9
2 -10 3
2 11 4
1 2 -214
1 71 -191
2 3 -7
1 68 -228
2 -1 5
2 0 13
0 -60 211
0 -102 195
2 16 5
0 17 208
1 2 -192
1 42 -220
0 -125 213
1 85 -223
2 1 -15
1 158 -206
1 62 -220
1 108 -227
0 -61 213
0 -43 198
2 -9 -17
0 -73 210
1 121 -206
1 38 -216
2 -1 -19
0 -89 224
1 -13 -202
1 4 -210
1 -37 -200
0 78 196
2 -151 -7
2 2 12
2 7 -23
1 62 -209
1 89 -218
1 53 -197
2 7 -3
2 8 -10
1 151 -205
0 -54 218
2 -13 -1
2 -7 -11
2 -9 8
2 -12 -2
0 -60 187
2 -1 -12
0 -82 217
0 -89 205
0 -54 213
1 79 -211
1 32 -219
0 -112 224
2 1 -2
1 84 -201
2 3 4
1 41 -204
2 -3 27
1 39 -220
0 -52 206
2 -1 6
0 -118 209
2 14 -8
1 89 -206
0 -110 226
0 -83 208
0 -69 204
0 21 215
1 99 -197
0 -112 215
1 73 -202
1 98 -195
0 -66 220
0 -56 214
2 -3 3
2 12 -12
1 -39 -218
1 -28 -225
2 -6 23
2 -1 -8
1 53 -227
2 2 -16
0 -23 199
1 57 -214
2 11 4
0 6 222
1 126 -197
1 21 -215
1 69 -201
1 4 -220
2 6 21
0 -95 212
1 72 -210
0 2 225
0 -90 228
2 10 1
1 21 -214
2 -4 0
0 -5 205
1 14 -199
1 55 -202
0 -109 190
2 5 2
2 6 8
1 5 -236
2 8 4
2 13 22
2 11 -5
0 -26 225
1 62 -205
0 -38 220
2 1 -11
0 -59 213
1 61 -198
0 -120 197
1 53 -198
0 -50 195
2 -9 -6
0 -61 215
0 -132 212
1 85 -210
2 14 2
1 -8 -205
1 37 -217
1 41 -206
0 -68 215
2 16 3
0 -30 204
0 -141 203
1 -10 -194
1 99 -205
2 4 -2
0 20 215
0 -117 221
1 142 -212
0 -28 195
1 118 -205
1 16 -219
1 0 -214
0 24 203
1 -24 -200
1 79 -214
2 0 2
2 3 -7
1 21 -225
2 11 7
0 -77 216
1 157 -205
0 -1 214
0 3 224
0 9 193
0 -20 205
0 37 205
2 2 2
0 -26 215
0 12 194
2 -15 8
0 -26 211
2 10 -8
0 2 209
2 -26 2
0 -81 192
2 10 0
1 22 -215
0 -80 216
0 -77 203
2 5 0
1 -19 -207
1 74 -193
1 115 -201
0 -115 217
2 1 -5
0 -20 213
2 -20 17
1 70 -215
2 1 -13
0 112 217
1 10 -221
0 -103 214
1 -30 -211
2 21 8
2 6 4
2 -8 6
2 9 -11
0 -100 211
1 7 -225
1 60 -201
0 -77 195
0 -57 213
1 107 -187
0 31 205
2 6 -7
1 10 -224
2 10 -2
0 -11 195
1 59 -208
1 33 -201
0 -92 211
1 21 -207
2 -4 -6
1 166 -204
1 141 -210
2 0 -1
1 49 -202
0 -129 223
0 -60 210
0 2 203
0 -87 218
0 -137 219
2 -8 13
2 9 -2
0 14 218
2 15 -1
0 39 197
0 1 220
2 -7 0
1 51 -209
0 -42 208
1 -19 -203
0 -14 215
1 39 -218
0 -50 208
0 -52 231
1 -2 -202
1 14 -205
1 19 -218
1 109 -205
2 -8 17
1 57 -213
2 -6 1
1 69 -213
0 -66 219
1 23 -195
1 64 -189
1 -2 -203
1 136 -209
2 -3 -9
0 -105 209
1 38 -214
0 -9 197
1 57 -223
1 62 -191
1 142 -219
1 63 -221
0 36 218
2 -3 -5
2 3 8
2 2 11
2 11 21
1 94 -191
2 -9 6
0 -69 233
2 -8 -6
0 3 193
1 5 -214
0 -28 184
0 -70 210
2 -12 -3
0 -81 213
0 -17 214
2 -1 -2
1 32 -213
2 -12 7
1 25 -213
2 7 4
0 -34 216
1 43 -216
0 -4 213
2 2 3
1 -28 -208
2 -10 1
2 1 -6
1 63 -208
1 79 -211
0 -52 204
0 -27 196
2 7 -11
2 -13 11
1 89 -216
0 -57 218
1 98 -194
1 32 -220
1 13 -213
2 0 11
1 58 -209
0 -49 218
1 48 -184
2 -3 13
0 -130 206
2 -2 -6
0 -36 203
1 43 -220
0 -36 202
1 74 -204
2 -15 -7
2 -7 1
1 52 -199
2 -22 -8
1 52 -213
0 -59 217
2 6 -3
1 62 -210
1 177 -218
1 95 -220
2 -1 16
0 12 219
2 -1 4
1 43 -208
2 0 -2
2 2 -4
1 143 -202
2 2 6
1 108 -214
0 -76 210
1 18 -211
1 88 -215
2 -14 -11
1 93 -216
0 -54 210
0 -47 201
1 -12 -202
1 53 -217
1 -59 -186
1 -12 -200
1 104 -204
2 10 -14
2 -8 2
0 36 194
2 -2 -16
1 -32 -207
0 -39 212
0 -122 208
2 1 15
1 103 -218
0 -18 222
0 -90 208
2 12 8
1 43 -203
1 57 -219
2 0 4
2 5 -12
2 23 -1
1 69 -211
0 -57 204
1 12 -198
0 -76 213
2 -2 15
1 102 -229
2 -1 3
2 2 -1
2 3 -11
1 28 -204
1 53 -206
2 -16 -15
2 4 9
0 -53 217
2 0 2
2 -6 -4
0 -124 220
0 -82 195
1 20 -206
1 105 -221
1 -19 -215
0 -66 212
2 26 -8
1 18 -221
1 67 -218
1 33 -212
2 -16 1
2 5 0
1 131 -215
2 2 -6
2 8 -3
0 30 214
0 -27 216
0 -113 209
0 -29 195
1 22 -209
2 11 1
0 10 212
1 83 -213
0 -130 214
1 121 -201
0 -98 201
1 95 -204
1 188 -225
0 -100 201
1 2 -210
2 5 5
0 7 201
2 3 2
2 -7 -3
2 2 -2
1 -2 -212
0 -102 209
2 6 -3
0 -79 195
2 4 -19
2 -6 -11
0 -5 221
2 -10 -10
2 14 -4
0 -39 216
2 -3 2
0 -81 180
0 -90 200
0 -32 204
0 -76 205
1 -4 -203
0 -32 210
1 46 -199
2 -12 3
2 -10 8
1 -19 -212
2 5 -6
1 71 -204
2 -9 11
1 11 -219
2 -13 2
0 -9 203
0 27 218
0 -91 221
1 131 -217
0 -26 207
1 86 -231
0 -211 207
1 -17 -214
2 -2 -13
2 7 3
1 5 -208
0 -31 204
0 -55 211
0 -93 225
2 5 -6
0 -79 208
0 35 200
2 17 12
2 -10 -8
0 -70 197
1 21 -204
2 -1 27
1 8 -204
2 -4 22
2 -4 2
1 96 -205
0 33 212
1 14 -206
1 -25 -209
1 0 -221
1 27 -203
2 3 -9
0 -136 226
0 -52 220
1 38 -208
0 -157 206
1 44 -213
1 52 -231
0 -34 227
0 -21 189
0 -34 213
0 -60 200
2 13 -6
0 -179 195
2 -12 16
0 -147 205
0 -14 215
0 -28 216
0 -100 209
1 -25 -210
1 0 -210
0 -34 220
1 119 -196
0 -5 219
0 -60 214
1 55 -224
0 -127 213
0 -142 211
2 -6 -4
1 23 -207
1 58 -212
0 33 207
1 -9 -226
2 6 -11
0 -77 219
2 3 -5
1 -41 -214
1 -6 -199
2 12 8
2 0 7
1 16 -207
0 -89 209
2 4 -16
0 -125 210
0 -16 200
2 -5 -15
2 -4 -10
0 -39 214
2 5 -11
0 63 192
0 50 190
2 1 -3
1 101 -212
0 -123 206
1 97 -211
0 -31 209
0 -64 222
0 -57 208
2 -6 -13
1 25 -202
2 -16 3
2 6 -7
1 0 -205
2 0 6
1 68 -209
1 97 -220
2 -7 20
1 12 -230
2 -4 9
0 -59 212
1 73 -189
2 -1 12
2 2 6
2 -19 -2
1 63 -205
0 -66 206
0 -57 208
2 -3 -9
2 -7 7
1 81 -211
2 -9 18
2 -12 -7
0 -75 232
2 -174 11
0 -106 227
2 13 -7
2 -15 17
1 47 -219
2 -3 -6
2 -3 -13
2 -5 1
0 -32 208
0 -119 201
2 -3 -20
1 51 -230
2 1 -9
1 25 -207
0 -16 218
1 27 -227
1 86 -209
1 99 -209
2 1 -2
0 -37 219
2 -6 20
0 -136 220
1 81 -217
2 11 16
2 -10 3
1 37 -211
2 -14 8
2 4 0
2 2 -18
1 14 -203
2 8 6
1 19 -202
1 68 -200
1 91 -210
0 1 211
1 100 -225
0 -165 213
1 13 -215
0 -67 201
2 -17 3
1 147 -216
0 -20 197
1 113 -204
1 16 -215
0 -45 205
2 -13 -3
0 -69 207
0 -65 211
1 85 -216
1 76 -226
0 -155 200
2 -1 -8
2 6 7
2 -29 -31
1 107 -210
1 -20 -217
1 -23 -219
2 19 9
2 -16 -25
2 17 -13
0 -48 215
2 -3 21
0 -69 191
1 81 -214
2 11 -6
2 -5 -1
1 166 -208
0 12 213
1 -98 -197
2 11 -3
1 110 -201
2 -14 1
1 48 -219
1 132 -197
2 -26 1
2 6 -8
2 -5 -2
0 -66 206
0 -70 218
0 -16 202
1 56 -190
2 8 -9
0 -43 199
1 126 -211
0 15 204
0 -124 208
1 141 -204
0 -73 218
1 70 -200
2 -5 -13
2 -4 -9
0 -71 202
2 0 12
0 -50 212
1 -47 -204
2 -9 1
2 -23 4
0 -39 238
2 -6 -2
0 -9 213
1 97 -220
0 -75 195
1 23 -217
1 30 -191
1 106 -211
2 -12 11
2 5 -11
0 -22 211
2 18 10
0 -45 207
1 88 -196
2 2 -3
1 -8 -215
0 -13 216
2 -4 12
1 48 -226
0 -53 200
1 106 -194
0 -73 213
2 19 4
1 69 -226
1 -76 -218
0 36 208
2 -7 9
0 -56 198
2 -19 5
0 -62 202
1 78 -207
2 -21 13
2 10 11
2 -4 18
2 14 -3
0 -66 211
0 -68 206
0 -64 210
2 -3 10
2 -1 -18
0 37 196
0 -65 197
1 85 -223
1 45 -216
0 -99 203
0 -140 203
1 47 -216
1 19 -209
2 6 -7
2 2 -8
0 24 207
0 -25 202
1 11 -204
1 16 -209
2 -15 -14
1 -26 -232
2 0 -7
1 144 -214
0 -46 214
2 -3 19
2 -7 -3
1 6 -209
1 1 -223
2 2 0
2 -9 -3
1 24 -186
0 -156 207
2 5 -18
2 -17 -13
2 -11 -5
1 39 -205
2 1 21
2 1 5
2 -8 21
2 -5 21
2 2 7
0 18 223
2 23 5
1 27 -215
0 -121 208
1 68 -196
0 -58 213
1 82 -231
1 17 -222
2 3 -3
0 1 206
0 24 217
0 -82 211
2 -10 -12
2 -3 13
1 136 -212
2 7 -8
0 -32 216
1 53 -220
2 -13 -1
1 15 -208
1 -6 -204
0 -70 213
2 -11 9
1 138 -219
2 -21 13
0 -70 224
1 65 -191
1 17 -201
2 -4 -2
0 -34 200
2 -7 3
2 -3 -19
1 90 -221
2 2 6
0 -95 180
2 -2 6
0 -79 218
2 2 -9
2 2 10
2 -6 -2
2 -7 7
0 -66 210
2 5 1
2 -9 -10
2 -9 -8
0 2 207
1 67 -213
0 -22 199
1 70 -214
0 -118 218
0 -76 218
0 -21 211
2 7 15
1 33 -202
1 98 -206
0 -72 209
1 40 -204
0 39 207
2 3 7
0 -11 215
2 14 -2
0 -141 209
0 15 186
1 53 -197
0 -97 208
2 -17 10
1 39 -195
0 5 199
1 139 -221
2 279 13
2 -9 -4
2 8 1
1 -27 -217
2 -9 -14
1 52 -199
1 86 -191
0 41 211
0 -160 209
1 -7 -197
2 -20 15
0 -59 218
1 45 -188
2 -6 1
0 -42 197
2 18 9
0 -79 218
2 -16 -18
1 158 -214
2 -8 19
1 185 -214
0 -1 215
2 -5 2
2 -7 9
2 -6 3
0 -40 219
2 -11 -5
1 54 -193
2 -5 22
0 50 227
2 -4 -7
0 -11 214
0 87 217
0 0 203
0 -112 216
2 -5 -11
2 -10 0
0 -74 223
1 26 -213
1 19 -205
2 4 -5
1 92 -209
1 22 -220
2 36 7
1 106 -200
1 103 -207
1 107 -211
1 156 -197
2 -6 -3
2 -2 4
1 62 -205
1 -15 -222
1 56 -213
0 -66 207
0 -96 204
2 7 -13
1 83 -188
0 -121 223
2 8 24
0 -11 218
2 -6 5
2 -3 -6
1 11 -187
0 -103 229
2 -2 -5
2 6 3
1 2 -219
1 -29 -193
0 -45 203
2 -26 -8
0 29 191
2 4 6
0 -82 195
1 35 -223
0 14 205
2 5 -2
1 54 -189
1 85 -211
2 -4 -14
1 153 -217
0 -45 205
1 128 -192
1 81 -210
1 26 -211
1 69 -198
0 -6 207
1 26 -221
2 2 1
2 -6 -187
2 1 -3
1 9 -205
1 12 -189
1 113 -216
1 49 -203
2 -2 26
0 34 206
0 42 197
1 -22 -212
0 -126 231
1 39 -207
2 8 2
0 -64 199
0 -114 208
2 -11 -3
1 38 -213
0 -63 206
0 28 234
2 -4 2
0 21 200
2 -1 -10
2 8 14
1 59 -205
2 3 -10
2 5 20
2 13 10
2 -4 16
1 7 -208
0 -7 209
2 -10 -12
2 -10 1
0 20 230
1 1 -209
2 9 -1
0 -72 209
2 -1 4
2 2 -6
2 83 5
2 -31 -10
1 105 -209
2 -14 -30
2 -8 -6
0 -85 194
0 -99 206
1 85 -223
0 -65 189
0 -9 222
1 119 -219
2 6 -14
0 -104 190
2 -4 8
2 -7 6
2 20 -3
1 -48 -206
2 -21 -6
2 -9 -4
0 70 205
1 27 -200
0 -44 210
2 -2 12
2 22 3
0 -110 206
1 82 -207
0 -4 220
0 -158 195
0 -110 209
2 15 3
1 81 -201
0 -79 200
0 -100 214
1 97 -225
1 128 -224
1 70 -212
1 64 -208
2 9 0
2 9 -2
0 -32 205
1 34 -206
2 3 -9
1 89 -215
2 8 5
2 -8 -12
0 22 223
2 -223 -7
0 -82 209
0 -91 215
1 175 -217
2 4 -9
0 -13 213
2 -14 -1
0 -28 190
1 148 -215
0 -64 193
1 -2 -216
2 20 -9
1 119 -207
0 3 214
1 18 -202
0 -133 230
1 90 -205
2 -18 -15
2 -10 -8
2 -1 10
2 -19 -17
1 -25 -225
0 -2 210
2 2 0
0 31 207
2 -1 -15
2 -4 -1
1 120 -210
1 -53 -212
2 12 -15
0 -27 221
2 -3 6
1 -199 -203
0 -122 207
1 168 -237
2 -24 -12
1 91 -209
1 101 -216
0 -69 198
2 0 0
0 33 218
0 -64 215
0 -87 196
2 2 12
1 45 -206
2 -6 7
1 58 -213
0 -44 201
1 -27 -214
2 -11 -10
1 94 -206
1 25 -215
1 40 -220
1 1 -212
1 26 -222
0 -99 199
2 3 -9
0 -14 225
0 -119 208
2 -16 -28
1 103 -201
2 -6 -18
0 -25 205
0 -32 226
2 5 -3
0 24 227
0 -103 197
0 -21 208
2 8 5
0 -37 209
2 6 12
2 8 -7
0 -90 222
2 14 19
0 -64 202
1 70 -206
2 -6 -6
0 -40 204
2 4 -5
0 -51 220
0 -188 208
1 83 -213
0 -175 212
1 21 -209
1 -1 -193
2 11 -9
1 53 -220
2 14 -11
2 1 23
1 9 -199
2 -1 -6
1 101 -211
0 -8 205
1 12 -208
2 -5 5
2 -3 31
1 7 -195
0 -66 214
1 98 -212
0 -154 216
2 0 4
1 13 -209
0 -146 201
1 39 -203
0 -98 201
2 3 4
2 3 15
1 98 -209
2 -1 3
0 -103 221
1 -1 -212
2 1 9
0 -102 224
2 -13 -6
0 -55 229
2 -3 -3
0 -4 193
0 -30 215
0 -140 208
1 16 -206
0 -2 205
1 -47 -196
2 7 5
0 -51 202
1 1 -195
0 6 204
0 67 204
2 -9 -7
2 8 20
0 -54 205
2 7 13
1 57 -207
1 53 -196
0 -25 203
1 98 -206
0 -39 222
1 -1 -207
0 -65 209
1 73 -220
0 -159 226
1 74 -207
0 -94 215
1 130 -203
2 -1 13
2 -4 11
1 14 -201
2 -13 11
2 5 -9
0 -98 206
2 -13 14
0 -59 207
1 39 -226
0 -2 182
1 39 -215
0 -24 230
1 -28 -202
1 46 -201
1 52 -221
0 -105 209
1 2 -208
1 25 -210
2 -5 -3
2 -4 -16
0 -126 214
0 -92 221
2 -16 -16
0 25 213
2 -11 -9
0 -39 213
2 11 0
2 2 -2
0 -43 206
2 0 5
1 39 -207
1 82 -210
2 -13 7
0 -102 208
0 -50 203
2 -10 -8
1 66 -226
0 -54 199
1 23 -202
0 -92 204
1 41 -224
0 -48 210
0 -19 200
1 20 -197
0 -95 224
1 155 -212
0 -23 208
2 -8 -1
0 -36 220
2 -5 -8
1 0 -227
0 -8 200
1 37 -205
1 100 -208
0 -31 209
0 -98 215
0 -70 209
1 20 -207
1 16 -219
2 2 -8
1 58 -221
0 -52 202
2 -10 17
0 -35 232
2 0 3
2 -16 15
2 6 0
0 -60 192
2 14 12
2 -3 -4
2 5 1
0 -72 203
1 30 -203
0 -64 218
0 -22 203
2 -6 7
1 102 -208
2 6 12
1 27 -195
0 -154 199
1 -11 -215
0 -50 211
0 -73 222
2 6 -20
0 -2 232
1 41 -203
1 25 -220
0 -45 214
1 46 -190
0 -79 215
2 -9 5
1 43 -212
2 -9 -7
1 23 -215
2 -6 1
2 -1 19
0 -114 197
1 46 -212
1 1 -204
1 57 -207
2 -18 0
0 -55 217
1 -65 -211
1 28 -209
2 7 12
2 2 2
0 -83 211
2 4 -17
1 -47 -211
2 2 0
1 28 -204
1 46 -205
2 -20 17
0 32 220
0 -101 206
2 -8 -13
2 -2 -27
2 7 18
0 -46 216
0 -11 218
0 -64 212
0 4 230
0 -19 196
2 6 2
0 -132 224
2 24 6
1 41 -210
0 42 208
1 86 -222
0 -58 208
2 8 -12
1 100 -216
2 -9 1
1 8 -219
2 -1 12
2 -20 -9
1 -47 -206
2 1 -12
1 29 -205
2 -16 12
0 -53 194
1 25 -209
2 6 -8
2 4 2
0 16 211
0 -44 203
0 -29 200
2 -12 4
0 -98 209
2 15 1
1 19 -220
2 0 10
1 45 -204
1 53 -196
0 -13 208
0 -54 205
2 0 0
1 73 -207
2 7 8
0 -20 236
2 -16 1
1 55 -218
0 28 195
0 8 198
1 -1 -206
0 95 210
2 6 -7
0 -4 221
0 -73 202
2 6 -5
0 -135 206
2 -13 13
0 -49 216
0 38 206
2 -9 2
0 -102 221
0 -51 218
0 50 200
1 7 -205
2 1 -9
2 -5 -2
0 -155 212
2 6 -3
0 1 202
2 -8 -9
2 11 -3
1 151 -202
2 19 18
0 -72 217
0 -76 196
2 -1 1
2 13 -5
1 46 -219
0 4 216
0 72 214
0 47 222
0 -37 185
0 -51 201
1 15 -185
2 -7 -7
1 42 -199
0 14 207
0 -47 215
2 5 20
0 -39 205
0 4 217
0 72 202
0 -21 211
0 -128 227
0 -151 188
2 12 -6
0 -93 213
1 5 -220
1 -65 -215
0 1 216
2 -23 8
2 -2 3
1 88 -224
2 -21 -19
2 11 2
0 -45 196
0 -77 216
1 -7 -212
0 -102 203
1 61 -201
0 -81 220
2 -3 9
0 -96 219
2 12 0
0 -48 222
0 -55 201
1 20 -204
2 2 -19
0 -27 203
2 3 9
1 -47 -207
0 -9 217
0 -74 200
0 -24 226
1 -44 -220
2 9 30
1 90 -220
0 -159 227
0 -66 216
2 6 15
1 -51 -216
1 51 -213
1 138 -216
0 -56 203
0 -50 208
1 59 -225
0 -35 214
1 -63 -203
0 -55 207
2 -9 1
0 -58 205
1 88 -205
1 61 -199
2 -6 13
2 1 6
1 -59 -218
0 -13 211
1 35 -214
0 -46 218
2 -4 -10
1 113 -208
0 61 204
0 -22 200
0 -93 207
0 -111 201
0 -53 211
1 125 -197
1 86 -217
1 57 -210
0 -94 214
2 16 -6
1 51 -204
0 -61 203
1 50 -216
1 50 -199
1 7 -211
1 -25 -214
0 -102 202
2 -14 7
2 13 -10
2 5 6
0 -112 205
2 9 0
0 -32 209
0 5 219
1 21 -202
0 -39 211
2 -6 -5
0 4 206
0 -59 192
0 -65 209
2 8 2
0 -86 207
2 -5 -16
0 -132 218
2 11 0
0 -32 203
0 -6 197
1 121 -204
2 8 6
0 26 212
1 -6 -193
1 36 -205
1 58 -218
0 -37 210
0 -19 226
0 -48 219
0 -65 203
0 -42 201
2 -2 -18
2 1 -17
2 4 18
1 133 -215
2 -12 14
1 90 -216
2 7 2
0 -111 212
0 -98 218
2 3 4
2 3 -5
1 84 -224
1 31 -214
0 10 210
2 -18 -14
0 -86 223
1 63 -222
0 -68 205
1 11 -207
0 -114 209
0 -100 220
0 -81 228
0 18 191
2 -3 7
1 48 -219
2 -6 4
2 3 2
0 -44 200
1 79 -215
1 -8 -213
2 -5 16
2 -1 -18
1 22 -225
2 4 17
2 -3 1
1 68 -208
0 -29 219
1 64 -217
1 108 -207
1 73 -215
0 -97 213
2 -2 -3
2 0 -1
1 35 -211
2 4 -4
2 16 16
0 -90 212
0 17 195
0 -157 185
1 80 -196
0 -51 210
0 -2 195
2 -1 -9
1 31 -224
0 -141 214
0 25 219
1 137 -214
2 -1 14
2 -23 11
2 11 -3
2 -3 -3
1 9 -194
1 47 -195
1 34 -213
1 59 -190
0 -24 220
2 3 14
0 41 226
0 27 219
0 26 209
0 -72 211
0 -73 211
2 -7 -3
1 25 -205
1 35 -202
2 4 -3
1 100 -215
0 -19 237
1 -5 -204
2 18 5
2 -7 -10
0 -80 208
0 20 216
2 21 5
1 25 -220
1 -9 -202
2 1 1
2 7 4
2 8 -11
2 -10 12
2 -10 -6
0 19 221
1 9 -218
0 -43 196
2 -17 13
1 128 -223
0 95 186
0 -48 213
2 5 -10
1 77 -204
2 9 7
1 67 -206
1 82 -215
2 -15 7
1 55 -211
1 -24 -214
2 12 13
1 -8 -205
1 125 -198
2 -18 -3
1 30 -220
2 -16 -10
2 8 0
1 -43 -236
1 33 -197
0 -134 210
1 14 -208
1 89 -218
0 -4 229
1 13 -204
2 -3 -12
2 13 -13
1 15 -202
1 48 -229
0 -17 204
1 -6 -210
2 5 -5
1 94 -210
2 9 8
2 1 -4
0 -64 224
2 8 16
1 55 -201
1 69 -222
1 106 -212
0 -110 201
1 36 -225
1 -23 -205
1 47 -203
2 -17 9
2 -5 -6
1 107 -227
0 -51 209
0 52 206
0 -48 215
1 -15 -224
0 -51 216
1 100 -188
2 -17 2
0 -8 214
2 -2 3
1 72 -203
1 36 -216
1 -25 -188
1 123 -202
2 -8 -7
0 -66 193
2 9 -5
0 -5 212
0 -63 213
1 52 -201
1 137 -220
1 49 -228
2 -9 6
0 22 213
0 1 218
2 2 -1
0 -46 218
0 -83 215
0 -25 209
0 -42 225
2 15 8
2 16 2
1 82 -205
1 1 -214
2 -1 11
0 -75 208
1 4 -203
2 -22 2
0 -87 207
1 -42 -194
2 -10 12
1 25 -213
2 8 0
2 0 4
1 53 -196
2 -5 13
0 -16 209
0 -112 211
2 -2 -11
0 -50 205
0 -21 229
2 1 -7
2 -24 4
2 -6 -13
0 -54 214
0 -2 222
2 0 15
1 -16 -217
1 57 -210
1 -39 -211
2 11 4
1 108 -199
0 -34 203
1 20 -207
2 -3 -24
1 -12 -205
2 -7 17
0 -37 200
1 -34 -216
0 -71 205
0 -52 196
0 -62 219
1 24 -210
1 24 -200
2 22 -10
2 6 -18
1 14 -203
1 -4 -201
1 49 -206
2 -3 5
0 -12 217
1 57 -225
2 6 20
2 -1 6
1 17 -208
1 56 -215
0 -68 198
2 17 -7
2 0 -8
1 92 -214
2 17 25
2 -17 16
0 -117 214
2 -6 3
0 -101 187
1 17 -213
1 84 -223
1 -1 -213
1 72 -229
0 16 222
0 -23 192
1 -14 -195
1 -54 -215
2 14 -3
1 -29 -231
0 -86 198
2 1 -1
2 0 3
0 18 198
2 5 10
2 4 0
0 -29 209
2 -11 4
1 65 -198
2 -5 2
1 23 -211
1 45 -205
0 57 220
0 -90 207
2 -18 73
2 -7 13
2 11 -12
1 91 -217
2 13 1
2 -5 -13
2 -6 -8
1 -39 -215
0 36 215
0 -103 230
1 73 -218
0 -10 213
1 118 -212
1 24 -176
2 -11 7
1 82 -202
0 -44 206
0 -82 220
1 14 -212
2 -8 7
2 -25 -4
0 -115 218
2 -17 -7
2 -15 9
0 -101 224
0 4 222
2 4 0
1 53 -196
0 -56 217
2 9 18
2 -10 -12
1 125 -215
2 -13 -13
1 32 -214
2 9 -2
0 -36 204
0 -15 -41
2 -19 14
2 -12 6
1 135 -215
0 56 -88
0 -87 222
1 45 -237
1 65 -190
2 2 3
0 -59 186
2 -3 -1
2 27 -18
0 -73 189
0 -142 216
1 147 -199
2 15 6
1 -33 -225
1 6 -196
2 0 4
2 1 -8
0 -85 197
1 73 -218
2 7 -1
0 -91 220
2 4 2
1 112 -217
2 14 7
1 28 -235
0 -91 215
1 68 -215
1 83 -205
0 -59 205
2 -15 -8
2 -3 -12
0 -65 200
1 158 -206
0 -206 224
0 -64 213
1 13 -206
1 46 -211
1 74 -213
2 10 -2
2 9 5
1 73 -229
1 -22 -201
2 -19 10
0 -143 221
2 3 -11
2 6 7
0 -61 235
0 -62 203
0 -18 205
0 -31 202
0 -53 214
1 0 -209
0 -9 190
0 -29 206
0 -52 219
2 -5 16
2 10 -1
2 -14 5
0 -119 217
2 -6 19
2 -2 14
2 9 -14
0 -41 212
2 2 11
1 -3 -211
2 15 2
1 44 -210
0 -55 206
1 80 -198
2 5 -11
1 26 -216
2 -6 3
2 -12 -13
1 33 -210
1 27 -211
0 -96 215
1 43 -229
1 11 -193
0 -99 219
0 -67 211
0 -84 221
1 79 -194
2 2 1
0 -186 215
0 -25 207
1 18 -201
0 -87 207
1 98 -218
0 13 202
1 -41 -214
2 0 -16
0 -44 228
2 133 3
0 -76 201
2 -9 21
0 -39 206
2 -9 5
0 -52 207
1 37 -211
0 -93 213
2 6 -18
1 33 -191
0 -8 224
2 -16 10
0 98 203
0 -98 221
2 8 11
0 -29 211
2 8 -5
2 -3 0
1 -16 -197
2 2 -8
1 11 -206
1 99 -196
1 -11 -220
0 -39 216
2 14 -23
2 -2 4
1 50 -192
2 2 4
2 -4 -2
2 0 -10
2 13 10
2 -8 18
2 -7 3
2 11 11
2 12 -10
0 -54 210
0 -98 214
1 -51 -199
0 -42 218
0 -21 211
2 -8 -4
0 44 210
1 36 -200
0 -110 206
0 -73 204
1 84 -193
1 8 -219
2 7 12
1 119 -213
1 106 -222
1 -12 -210
2 -6 -18
1 103 -197
1 71 -95
1 49 -209
1 40 -210
2 33 7
1 10 -194
2 -6 -4
1 65 -221
0 -115 216
1 64 -204
0 -34 203
1 72 -218
2 -7 -25
0 8 214
0 -94 214
1 -18 -227
0 -60 232
2 -22 10
1 78 -213
1 13 -216
1 161 -190
2 17 -15
0 -124 204
0 -76 216
2 -10 16
2 4 -2
2 4 -14
0 -71 215
0 -61 213
0 -52 217
0 6 209
2 -11 -11
1 37 -209
1 69 -202
1 105 -206
2 -6 0
0 -60 212
0 -70 198
1 164 -213
1 42 -201
0 -105 232
0 -162 212
2 -9 -1
1 30 -199
0 -5 208
2 -9 6
0 17 215
0 -17 213
2 11 -3
0 -95 190
1 72 -207
1 -50 -206
1 19 -223
2 7 -5
0 -21 217
1 41 -208
0 -69 218
0 -93 211
0 19 210
1 95 -210
2 13 1
2 -7 19
0 -35 198
0 36 204
1 -25 -209
0 -124 205
0 54 203
1 38 -222
2 2 -5
0 -65 207
1 67 -222
1 90 -207
2 -16 2
1 32 -209
1 -8 -209
2 -15 3
1 136 -201
2 -5 -9
0 0 217
0 -47 207
0 -72 200
0 -55 221
0 -20 201
2 -3 -6
0 -26 210
2 -8 13
1 158 -213
0 -38 231
2 -1 -2
1 -13 -215
2 -1 5
1 31 -195
2 7 10
0 -146 200
1 -19 -207
0 -63 219
1 53 -195
2 -8 -3
0 -2 213
0 -56 215
1 76 -188
0 -94 219
0 28 202
1 67 -222
2 -2 4
2 -15 6
2 4 -14
0 24 217
1 59 -202
1 26 -218
0 -46 230
2 0 -1
2 3 -11
0 -21 213
2 -5 -12
0 -44 210
0 -72 232
2 13 0
0 -7 218
1 -12 -208
2 2 5
0 -146 195
0 -71 215
2 -1 10
0 -35 237
1 70 -217
0 23 231
2 2 -1
1 74 -219
2 5 -9
0 -155 204
0 30 211
1 63 -202
0 -66 215
1 61 -204
1 -25 -214
1 65 -203
1 77 -213
1 74 -191
1 -16 -235
1 66 -210
1 26 -211
1 119 -205
2 7 -7
0 34 216
0 -46 205
0 -101 215
1 -41 -193
2 -20 -1
2 -3 -8
0 -53 198
0 -69 200
1 78 -201
2 -8 -4
1 34 -215
1 58 -225
0 -157 230
0 9 215
1 121 -194
0 -14 214
1 14 -196
0 22 214
2 9 20
1 8 -209
1 133 -199
1 38 -203
2 3 9
1 18 -232
2 -2 6
0 -24 209
2 5 -16
1 83 -203
0 -113 199
1 -48 -219
1 32 -201
2 1 -5
0 36 210
0 20 224
1 32 -216
2 -8 9
1 -24 -222
2 13 -2
2 1 -4
1 97 -216
0 -78 215
0 49 212
0 -123 220
2 3 -2
2 19 -3
1 121 -212
2 7 -18
1 103 -223
0 -21 190
1 87 -204
1 44 -188
0 -11 218
0 -123 202
2 296 -2
0 -138 203
2 -6 -12
1 137 -205
0 -73 211
1 107 -204
1 -50 -222
0 2 211
0 26 203
1 53 -204
1 55 -207
0 -31 217
2 21 -10
2 -2 4
2 12 -15
1 -86 -206
0 11 220
1 118 -224
0 -115 188
2 -16 -1
2 -8 -1
0 -113 210
2 -3 7
2 6 -8
0 -71 216
2 -2 2
0 -73 191
2 9 -3
1 45 -209
0 -69 213
1 22 -215
1 35 -209
0 -67 223
1 67 -208
2 -1 3
2 -7 15
2 -3 -13
0 -42 196
0 -31 198
1 58 -208
0 -12 212
1 25 -206
2 18 8
1 209 -220
2 7 3
0 -80 214
1 23 -209
1 63 -217
1 13 -209
1 -18 -198
2 14 1
2 -16 13
1 -63 -205
1 78 -207
2 15 7
2 -9 -15
1 37 -199
1 53 -217
2 1 5
2 -2 4
1 49 -214
0 -25 207
2 -8 -21
2 -9 -10
1 56 -211
2 -8 0
1 70 -198
1 46 -217
0 -87 187
2 14 -4
2 22 -10
0 -15 204
1 45 -204
2 4 6
1 87 -208
1 32 -201
0 -38 217
2 9 5
0 -59 218
0 -46 218
0 -31 200
2 8 -1
1 9 -213
1 87 -225
1 -32 -208
1 27 -227
2 -16 -15
1 87 -218
1 73 -201
1 121 -196
2 0 -1
1 111 -229
0 -29 219
0 -28 206
2 -10 -1
0 -155 221
1 100 -216
0 -83 196
0 45 210
0 -29 206
2 0 6
1 38 -213
2 -14 -5
2 9 -2
1 92 -226
0 -7 222
1 57 -210
0 38 220
1 37 -203
0 -74 193
1 62 -212
2 7 -10
2 -16 3
0 36 200
0 -67 211
1 50 -203
1 99 -210
2 1 0
1 136 -225
0 -165 217
0 -81 200
0 -82 221
0 -24 203
2 12 5
1 60 -195
1 77 -219
0 -68 215
0 75 223
1 98 -197
2 1 -2
1 17 -202
2 -1 3
1 -135 -196
0 -13 211
2 7 -7
0 -75 232
2 15 5
0 -87 222
0 -94 219
0 -52 215
1 99 -210
1 37 -203
0 -44 218
1 41 -224
2 0 -2
0 -51 207
2 18 4
2 12 1
0 -71 204
1 100 -202
0 -50 207
0 27 215
0 -7 199
1 12 -224
2 29 5
1 -71 -214
0 -48 217
1 -13 -219
2 -6 14
2 13 0
2 22 1
2 5 -8
2 -4 5
2 6 36
1 38 -222
1 29 -215
1 24 -202
2 4 -23
1 68 -194
1 41 -201
2 -13 9
0 59 212
2 -4 2
2 -11 -8
0 53 185
0 -91 195
2 14 -15
1 18 -201
1 37 -214
1 -34 -205
2 -11 -2
2 -13 -7
2 12 -3
0 -89 224
2 -7 6
1 80 -206
2 19 14
0 -126 209
2 27 15
0 71 224
1 41 -219
2 5 -16
2 6 9
2 7 2
1 -6 -221
2 10 -3
2 -15 -11
1 114 -212
0 -50 193
2 2 7
1 105 -217
1 47 -221
0 -93 207
2 4 -7
2 -19 4
1 86 -214
0 -18 202
1 38 -206
2 -8 8
1 90 -207
2 3 3
2 -5 2
2 -6 -11
2 14 -6
1 -5 -228
0 -147 206
1 70 -198
0 -35 207
0 79 217
0 -51 206
2 -3 14
0 -63 212
1 2 -209
1 -16 -217
1 17 -198
1 126 -213
0 -112 211
0 -91 217
0 -67 205
0 -101 207
0 -94 223
0 -73 208
0 -41 223
1 -28 -202
0 -126 212
1 84 -216
2 14 4
1 -29 -205
2 13 -9
2 7 -1
1 4 -207
2 -3 -4
2 -10 -9
0 -72 198
2 -1 5
2 5 1
1 76 -203
0 75 195
0 -82 206
0 -47 211
2 -4 13
1 36 -202
0 -12 213
0 -24 201
0 34 214
1 -23 -197
0 -51 190
1 83 -226
1 -8 -209
0 -31 212
1 8 -209
0 6 222
1 124 -213
2 -15 -24
0 -70 197
2 -2 15
1 47 -217
2 14 -12
2 -3 15
0 -40 210
1 102 -208
0 -54 198
2 -233 -10
1 -17 -217
1 68 -210
1 92 -223
2 17 -2
2 -1 -11
1 48 -219
1 65 -216
1 36 -217
2 4 -34
1 119 -210
1 -2 -218
1 87 -219
2 2 2
2 -5 -8
2 -9 -1
0 -117 199
0 -83 200
1 11 -194
1 22 -192
2 5 -14
1 69 -207
1 7 -52
1 15 -208
0 -93 194
1 53 -214
0 40 188
0 -94 214
0 -60 215
0 -12 203
2 4 0
2 1 -7
2 8 0
1 128 -213
1 2 -206
0 -69 198
2 10 3
0 22 218
0 -62 221
0 -93 214
1 103 -219
0 -90 212
1 -59 -198
2 21 -4
2 3 -2
2 -6 7
0 39 207
0 -68 202
1 -63 -206
0 -53 211
2 -1 2
2 13 17
1 79 -214
2 -4 -13
2 0 -28
1 -17 -194
2 11 17
1 51 -208
1 36 -207
0 -137 214
2 8 6
1 88 -184
0 -128 212
1 100 -223
1 62 -202
2 15 10
2 22 1
1 -3 -211
2 -4 -4
0 -65 210
1 -9 -224
1 79 -209
2 -4 2
2 -13 -2
0 -73 227
1 -18 -221
1 58 -202
2 -6 2
2 8 -11
2 18 -14
1 62 -224
2 0 8
0 -124 219
0 -99 226
0 -54 204
1 68 -207
0 25 220
2 -4 3
0 90 222
2 6 -5
0 -19 215
0 -11 205
1 44 -207
1 111 -218
1 13 -204
0 -79 198
2 -2 -11
0 26 214
2 -11 -4
0 -77 219
0 -2 211
2 -5 -11
2 1 -3
2 9 0
2 -5 -1
1 16 -193
0 -82 211
1 -16 -221
0 -84 213
2 17 1
1 122 -208
0 -115 198
1 -28 -202
0 -62 210
2 -9 -8
2 -17 0
0 36 211
0 -9 197
0 55 213
0 -36 203
2 -18 -2
1 32 -220
1 69 -199
1 57 -224
0 19 197
1 136 -201
2 -10 9
0 -60 205
2 7 9
2 15 0
1 73 -215
2 7 -18
1 1 -209
2 -12 -11
1 44 -214
0 -95 202
1 12 -206
0 -62 213
2 5 -14
2 -4 7
1 29 -226
2 3 -6
1 32 -214
1 127 -203
1 57 -207
2 3 -12
1 41 -221
1 47 -202
0 -99 221
2 0 -7
1 64 -222
0 4 188
0 -133 211
0 -2 213
1 70 -202
1 91 -216
1 29 -230
2 8 7
0 -55 210
1 57 -230
2 -6 -7
0 -148 212
0 -115 235
0 -58 207
1 163 -223
1 79 -214
2 7 -1
1 65 -222
1 124 -223
0 -10 213
2 23 -2
2 1 -9
2 4 2
0 -19 212
0 0 229
2 3 -9
0 -62 198
2 -7 -18
0 -6 213
0 -91 209
0 -62 232
2 -12 -20
0 2 204
2 -18 10
1 55 -191
0 -70 224
1 86 -221
0 -26 228
2 -8 5
1 144 -207
1 -20 -222
1 93 -209
0 19 211
1 -28 -204
2 5 -1
2 1 -5
0 -16 209
2 2 7
2 -2 4
2 8 23
2 -2 10
2 14 -17
0 -34 208
0 -38 211
1 35 -212
1 64 -220
0 -124 223
0 -39 231
0 -40 214
1 139 -223
2 21 0
1 58 -224
0 -36 213
0 -14 211
2 -6 5
1 9 -223
1 161 -204
0 7 209
0 -80 213
0 -149 203
2 -19 2
2 -2 0
2 -5 -1
2 26 0
2 16 0
0 -59 209
0 -56 195
1 35 -211
1 135 -212
1 35 -217
0 -19 194
1 22 -186
2 -21 -1
2 -3 -9
2 -11 0
1 61 -225
1 93 -213
2 9 9
2 16 21
2 8 3
1 42 -190
1 119 -214
1 39 -209
1 67 -205
0 -87 215
1 -4 -202
0 -118 186
2 -6 -9
0 -51 224
0 18 206
1 29 -222
0 -28 225
0 -153 216
0 -102 210
0 -1 194
0 -98 204
0 -94 218
1 51 -197
0 -1 207
1 44 -206
2 9 -7
2 16 -2
1 2 -199
1 124 -206
1 1 -229
2 -11 1
1 61 -224
0 1 206
2 11 -12
1 -27 -215
1 10 -226
2 10 22
0 -37 199
1 126 -223
2 -6 -3
2 1 15
2 -11 -4
2 2 0
1 21 -212
0 -96 225
1 110 -211
2 -4 1
2 -2 -9
0 -154 207
0 -78 213
0 -45 218
2 -2 10
1 8 -237
2 7 2
2 5 -4
2 5 0
2 1 7
0 -46 223
2 -8 8
2 5 -5
0 -17 214
0 -20 199
0 -108 200
1 -43 -218
1 138 -206
2 -11 -2
1 48 -213
2 4 5
0 -45 200
2 4 6
2 3 -2
0 -33 190
0 -103 200
2 3 -16
2 2 -14
0 -26 215
1 129 -212
2 -7 -18
2 -8 4
2 -15 -7
1 19 -224
2 8 16
0 -17 206
0 -100 195
2 -6 4
0 -165 215
2 -9 5
1 -27 -202
2 -6 -5
0 -84 206
0 -146 195
2 3 33
2 -6 1
1 53 -202
2 4 1
1 47 -202
2 2 8
0 -100 223
1 48 -213
1 -10 -208
0 -35 204
1 89 -188
2 -17 -8
1 -23 -201
2 9 11
0 -23 226
0 -17 212
0 40 216
2 9 3
1 -33 -202
2 13 -6
2 -5 -16
1 -46 -212
1 35 -217
2 4 -5
1 64 -217
1 -11 -191
1 52 -222
2 0 -18
0 -14 193
1 8 -219
0 -123 215
0 -38 218
0 -41 193
0 -114 204
2 -5 13
2 -2 -9
0 -58 197
2 10 -4
2 -6 7
2 -28 21
2 7 -15
0 -79 207
0 -99 219
2 -9 6
2 -2 12
0 6 219
1 49 -219
0 -45 216
1 84 -198
2 -9 -3
2 -17 20
1 80 -202
2 7 -4
1 81 -219
1 87 -220
1 81 -194
1 148 -202
0 -3 196
2 -9 8
1 16 -208
0 16 214
1 3 -237
2 -13 -5
2 -6 0
0 -44 208
2 10 1
1 101 -215
1 -18 -214
2 4 -14
1 74 -198
1 44 -216
1 53 -218
0 30 207
1 62 -203
0 -68 200
1 43 -190
0 -38 206
0 -102 212
0 -48 212
1 -20 -212
2 0 -15
0 -130 197
1 82 -213
1 49 -235
1 -32 -202
2 -32 11
2 3 3
1 61 -190
1 26 -217
2 4 18
0 52 210
1 57 -200
1 49 -201
1 68 -222
0 -50 200
2 -4 9
0 -137 202
2 225 1
2 7 -12
0 -20 209
1 -2 -200
1 69 -210
1 134 -212
2 -1 2
1 40 -204
1 88 -223
1 77 -199
2 -22 6
2 4 3
2 -5 7
2 6 12
1 46 -214
1 64 -190
2 -5 2
2 -3 1
1 30 -219
2 5 -7
0 -72 212
2 -12 -2
0 -42 207
0 46 211
2 -10 0
1 123 -208
2 5 -1
1 36 -202
0 -104 204
2 17 4
1 13 -203
2 -5 -7
2 -7 -3
1 -29 -214
0 -50 216
0 -11 208
2 -7 1
0 -76 205
1 55 -199
0 -78 206
1 -14 -198
2 -3 -5
0 -26 215
0 -40 197
1 32 -212
0 -76 215
0 -112 196
1 104 -227
1 37 -199
0 -148 209
1 69 -235
0 -30 210
0 -16 212
0 -103 218
2 -12 -15
1 -13 -206
1 52 -216
1 41 -194
2 -23 0
0 -36 202
1 -31 -214
1 19 -198
1 -38 -192
0 252 218
2 16 7
0 -80 223
2 -6 4
0 -113 219
1 19 -212
2 -14 -6
0 -16 221
2 -7 -1
2 -3 -2
2 -22 12
1 62 -214
0 -218 234
2 -21 2
1 123 -222
1 81 -208
2 2 15
1 86 -209
2 -5 -11
1 -15 -208
2 -6 -6
1 -22 -196
1 44 -208
2 11 -19
2 -12 -1
0 -77 211
1 67 -218
0 -39 208
0 -67 219
0 -62 204
1 122 -218
1 80 -222
2 10 5
1 72 -217
0 4 221
2 9 -1
0 -90 200
0 -29 198
1 92 -207
0 24 210
2 7 -3
0 -56 223
1 74 -219
2 -8 -2
0 -28 187
0 -59 215
0 -127 201
2 8 25
1 114 -186
0 2 207
1 129 -210
0 -30 209
0 -36 229
2 -5 -18
0 -46 209
2 -25 -12
2 24 4
0 -30 210
2 1 13
1 4 -200
0 -131 236
2 -14 3
2 2 1
0 -121 200
2 15 -3
0 -28 196
1 117 -226
1 61 -224
0 -153 211
0 -3 194
2 3 6
0 -61 206
1 56 -216
0 -31 214
1 7 -207
1 46 -204
1 107 -219
2 -3 -11
2 5 13
1 -9 -209
1 44 -219
2 -14 -2
2 -6 1
0 -76 217
1 104 -212
0 -6 228
0 -69 212
0 -72 214
1 13 -207
0 -143 198
0 -133 210
2 -6 2
1 -22 -206
1 72 -211
2 -2 5
2 14 -4
2 -12 -1
2 -9 -8
2 -18 13
1 64 -205
2 -10 -15
0 -68 196
2 7 7
0 -107 204
1 22 -204
1 51 -212
1 7 -204
0 -7 209
0 -123 206
1 106 -232
0 -2 231
0 14 229
0 -129 200
0 -38 205
2 11 -9
1 45 -226
2 -4 3
0 12 204
1 17 -221
2 6 36
0 -49 208
1 -20 -210
2 2 -8
1 21 -199
1 72 -188
1 31 -209
0 22 207
2 -3 -5
0 -141 211
1 65 -235
0 -77 212
0 -18 214
1 60 -213
2 14 12
0 -66 207
0 -27 219
1 -63 -220
0 -2 224
1 -60 -189
0 -99 218
2 7 -5
0 -25 213
2 3 -11
1 59 -203
1 42 -194
2 -13 17
0 -3 194
2 5 -5
2 5 11
1 42 -233
0 14 193
0 -137 199
0 34 192
2 16 16
2 0 -6
1 101 -228
0 -67 204
0 -66 214
0 -71 211
1 55 -201
1 108 -215
2 0 9
2 0 -7
2 6 -19
0 -69 211
2 9 -3
2 -2 -14
0 -15 214
1 -32 -207
1 -21 -219
0 -36 224
0 -69 213
1 100 -204
0 -33 220
1 27 -210
0 23 191
0 -116 222
2 -4 21
2 -10 2
1 24 -218
0 -8 209
1 87 -190
2 -4 -4
0 12 210
0 -45 199
2 7 -1
2 1 -4
2 -4 6
0 -5 209
2 -7 4
1 177 -220
1 -1 -219
1 84 -213
2 11 -2
2 0 -8
1 77 -200
2 2 -24
0 -107 205
2 21 -16
1 96 -194
0 42 213
1 5 -200
2 8 -8
1 75 -200
2 11 6
1 -14 -216
0 -58 215
0 -15 210
1 -49 -219
0 -98 205
1 -14 -207
0 -36 224
2 -11 19
2 22 -10
1 37 -220
2 -4 -3
1 21 -213
1 73 -209
1 104 -234
0 -2 213
1 13 -215
0 -89 216
0 -38 203
1 46 -216
0 -32 223
2 0 11
1 118 -212
0 -19 206
2 -5 -14
1 54 -216
0 -75 191
1 1 -222
2 -12 19
1 48 -213
2 6 -9
0 -50 200
1 109 -209
1 37 -234
1 12 -223
0 -37 200
0 -63 217
2 -4 4
1 129 -221
0 -13 202
2 17 2
1 79 -218
0 -67 209
0 -71 215
0 -24 210
0 -17 212
2 -4 -3
1 62 -218
1 15 -208
2 4 -21
2 1 8
2 -2 6
2 9 -12
1 70 -196
0 -105 185
2 -11 -4
1 103 -217
2 3 -9
2 -236 -5
2 7 -6
0 -58 219
0 81 210
2 -1 -4
1 -17 -209
0 -48 198
2 11 -2
2 0 2
0 -42 212
2 -5 8
0 -101 195
1 7 -218
0 -76 194
1 87 -211
2 0 12
0 -74 213
2 5 -8
2 6 -7
0 -58 228
1 16 -205
1 76 -215
1 69 -225
2 3 4
1 85 -202
1 24 -203
0 -79 216
1 56 -205
2 6 6
2 -12 -1
0 -67 203
0 -82 196
1 23 -211
2 6 -18
0 -31 220
2 3 -2
1 99 -215
2 1 -1
2 4 -12
1 95 -208
1 112 -206
0 -53 210
2 -5 15
2 7 4
1 57 -203
0 -51 212
2 9 -8
1 28 -220
2 5 -9
1 38 -202
2 3 -6
2 13 -7
1 -80 -219
2 3 1
2 14 -13
2 14 18
0 -118 191
0 -92 216
0 -35 195
2 2 -7
2 -1 0
1 -13 -215
1 53 -209
0 35 204
1 98 -211
2 28 2
1 -18 -213
0 -143 202
1 -40 -203
0 14 220
0 -96 216
0 -85 220
1 -38 -196
2 2 -6
0 -32 191
0 -96 200
1 76 -221
0 -11 214
0 -61 226
1 -16 -218
0 -32 214
1 69 -201
1 118 -200
2 21 -5
2 7 6
1 8 -200
1 34 -204
2 -1 1
1 43 -232
1 56 -219
0 -72 213
0 -110 221
2 -8 4
1 125 -198
2 -8 -2
2 11 23
2 -7 -3
2 3 -2
1 24 -208
0 -74 205
0 -58 216
2 -16 7
1 -3 -222
1 67 -213
0 -79 216
0 -22 209
2 -5 -16
1 25 -220
1 -17 -225
1 31 -199
2 19 7
0 -1 201
1 -12 -195
1 98 -198
0 -6 211
1 121 -219
0 7 224
1 114 -202
0 -98 210
1 61 -218
0 3 197
0 -62 209
1 8 -206
2 9 2
0 -61 201
0 19 230
0 -66 199
1 123 -209
2 12 2
0 8 209
2 26 1
2 0 -8
1 -35 -234
2 0 11
2 5 0
1 23 -196
2 -2 -17
2 7 14
1 24 -220
1 103 -191
0 7 217
1 21 -225
2 -15 3
1 24 -205
1 70 -204
1 91 -211
0 28 230
0 -5 212
2 14 -13
0 10 212
2 7 -18
0 -61 223
1 26 -208
1 110 -228
1 26 -217
1 60 -212
1 -59 -206
1 47 -207
0 -71 234
1 -18 -220
0 -69 211
1 38 -200
1 14 -212
0 -17 208
2 -3 3
1 -43 -204
2 20 18
0 132 201
2 -6 23
0 -9 211
2 -9 -2
2 -5 -10
2 4 8
1 78 -226
0 -110 197
1 35 -213
1 3 -220
2 -1 20
0 -72 229
2 1 13
2 22 0
1 31 -212
2 4 0
2 7 -2
0 -73 223
2 -19 -3
1 36 -225
2 14 10
1 34 -228
1 34 -227
1 46 -209
0 22 216
0 -37 212
1 75 -199
0 10 227
2 -3 -5
0 -99 209
2 4 -13
1 69 -210
2 12 -3
0 -55 198
1 12 -212
1 94 -206
1 80 -215
1 8 -201
0 -58 210
2 -15 -18
2 4 1
1 194 -208
2 -5 2
1 -7 -207
2 -14 12
0 -3 205
1 -35 -204
0 -1 210
0 -115 218
0 -17 208
2 -3 10
2 2 -3
0 6 207
0 -47 216
0 -33 214
2 11 11
2 -10 2
0 -67 -115
0 -115 207
2 -14 7
1 35 -208
2 13 6
2 7 11
0 -27 191
1 36 -212
2 -19 15
0 -126 208
1 135 -208
1 -3 -216
1 76 -221
0 -79 197
0 -69 221
0 -21 196
2 8 -18
1 -4 -195
0 6 211
0 -144 185
1 78 -195
2 8 9
0 -75 187
2 7 -2
0 -66 219
1 15 -217
2 -12 8
1 35 -208
2 -18 6
1 96 -204
2 7 -12
1 86 -199
1 125 -193
0 -27 202
1 39 -207
2 -9 5
1 75 -220
0 -59 199
2 7 10
0 -51 196
2 1 10
0 -19 217
2 -17 -6
2 -11 6
2 -12 15
1 57 -196
1 3 -202
1 59 -203
0 -52 210
1 65 -220
1 71 -214
0 -70 205
0 -84 218
0 -54 229
0 -62 214
2 -2 4
1 71 -210
1 56 -213
2 -2 -11
1 -9 -225
1 59 -207
0 -73 211
0 -47 208
2 -4 -5
0 -47 211
1 126 -218
1 66 -198
1 -59 -191
0 -150 220
0 -34 208
0 -81 210
0 -41 207
1 72 -201
1 105 -208
1 80 -222
1 87 -212
0 0 218
1 138 -218
1 -2 -207
1 38 -208
0 -61 215
2 3 8
0 -107 215
1 39 -197
2 -11 6
2 -10 -9
0 -85 194
2 -4 -7
2 7 -1
2 10 19
0 -10 208
2 4 -13
2 -5 4
0 -44 201
2 2 -7
2 -6 -9
2 -2 -4
0 -37 195
2 6 24
0 37 224
0 -24 235
2 5 6
1 105 -214
2 -6 -9
1 27 -206
2 2 -19
1 5 -214
2 -9 12
2 12 4
1 -15 -208
1 9 -198
1 58 -228
1 101 -213
0 -116 203
1 95 -206
2 0 -18
1 34 -205
2 4 -10
0 -45 220
2 10 21
1 -9 -204
0 -94 211
1 38 -206
0 -59 202
0 -29 215
0 -56 214
0 -35 194
0 -65 230
0 -48 215
2 -6 5
1 85 -219
1 36 -207
2 -17 13
0 50 224
0 -111 201
2 3 0
1 61 -208
0 -92 212
0 -89 203
0 -38 216
2 -14 -25
2 2 7
2 10 -22
2 -19 -9
0 -59 232
1 74 -212
1 84 -222
1 -23 -205
1 40 -217
0 -40 226
0 -28 204
1 68 -204
0 -64 203
0 -66 215
2 -5 -11
1 88 -195
2 7 11
2 -13 -10
2 -15 2
1 119 -214
1 34 -205
0 -119 231
1 31 -209
2 7 28
0 -78 223
1 -15 -208
2 10 -14
0 -56 206
2 -11 18
0 3 210
0 -6 189
2 -2 2
2 3 -17
2 -2 -30
2 -9 -2
0 -27 199
0 29 226
2 -1 -12
1 101 -218
1 29 -233
0 -102 234
1 82 -205
0 -31 207
0 -132 213
2 -6 0
1 36 -210
0 -19 203
1 32 -226
1 74 -220
1 9 -208
0 5 212
0 -20 197
1 48 -198
2 -1 -7
1 65 -225
2 -6 2
0 -136 191
0 -102 208
1 65 -214
0 -48 204
1 23 -216
0 24 219
0 -71 204
0 -29 196
2 -4 -17
0 -58 209
0 -44 208
1 55 -212
2 -19 -11
2 -3 12
0 -22 204
0 -135 216
2 9 -6
0 -110 212
2 -10 0
1 181 -219
0 -40 194
1 78 -200
1 79 -207
0 -58 220
0 -72 195
1 116 -208
1 61 -202
0 -110 211
1 96 -211
1 -15 -204
0 -21 214
2 19 -4
2 2 -2
1 122 -211
1 63 -211
0 -64 195
2 -4 -1
0 -121 201
2 -3 -12
2 -9 -14
0 -15 217
1 -57 -191
1 -45 -203
0 10 209
1 39 -214